https://webshopb2b.bloomingville.com/Services/ProductService.asmx/Products?v=1.0&cId=11&langId=5&countryId=11&locId=16016&customerId=0&imgSizeId=0&pIds=6967040
https://webshopb2b.bloomingville.com/Services/ProductService.asmx/Products?v=1.0&cId=11&langId=5&countryId=11&locId=16016&customerId=0&imgSizeId=0&pIds=6967041
https://webshopb2b.bloomingville.com/Services/ProductService.asmx/Products?v=1.0&cId=11&langId=5&countryId=11&locId=16016&customerId=0&imgSizeId=0&pIds=6967065
https://webshopb2b.bloomingville.com/Services/ProductService.asmx/Products?v=1.0&cId=11&langId=5&countryId=11&locId=16016&customerId=0&imgSizeId=0&pIds=6967120
https://webshopb2b.bloomingville.com/Services/ProductService.asmx/Products?v=1.0&cId=11&langId=5&countryId=11&locId=16016&customerId=0&imgSizeId=0&pIds=6967125
https://webshopb2b.bloomingville.com/Services/ProductService.asmx/Products?v=1.0&cId=11&langId=5&countryId=11&locId=16016&customerId=0&imgSizeId=0&pIds=6967145
https://webshopb2b.bloomingville.com/Services/ProductService.asmx/Products?v=1.0&cId=11&langId=5&countryId=11&locId=16016&customerId=0&imgSizeId=0&pIds=6967182
https://webshopb2b.bloomingville.com/Services/ProductService.asmx/Products?v=1.0&cId=11&langId=5&countryId=11&locId=16016&customerId=0&imgSizeId=0&pIds=6967204
https://webshopb2b.bloomingville.com/Services/ProductService.asmx/Products?v=1.0&cId=11&langId=5&countryId=11&locId=16016&customerId=0&imgSizeId=0&pIds=6967209
https://webshopb2b.bloomingville.com/Services/ProductService.asmx/Products?v=1.0&cId=11&langId=5&countryId=11&locId=16016&customerId=0&imgSizeId=0&pIds=6967210
https://webshopb2b.bloomingville.com/Services/ProductService.asmx/Products?v=1.0&cId=11&langId=5&countryId=11&locId=16016&customerId=0&imgSizeId=0&pIds=6967211
https://webshopb2b.bloomingville.com/Services/ProductService.asmx/Products?v=1.0&cId=11&langId=5&countryId=11&locId=16016&customerId=0&imgSizeId=0&pIds=6967214
https://webshopb2b.bloomingville.com/Services/ProductService.asmx/Products?v=1.0&cId=11&langId=5&countryId=11&locId=16016&customerId=0&imgSizeId=0&pIds=6967275
https://webshopb2b.bloomingville.com/Services/ProductService.asmx/Products?v=1.0&cId=11&langId=5&countryId=11&locId=16016&customerId=0&imgSizeId=0&pIds=6967276
https://webshopb2b.bloomingville.com/Services/ProductService.asmx/Products?v=1.0&cId=11&langId=5&countryId=11&locId=16016&customerId=0&imgSizeId=0&pIds=6967277
https://webshopb2b.bloomingville.com/Services/ProductService.asmx/Products?v=1.0&cId=11&langId=5&countryId=11&locId=16016&customerId=0&imgSizeId=0&pIds=6967328
https://webshopb2b.bloomingville.com/Services/ProductService.asmx/Products?v=1.0&cId=11&langId=5&countryId=11&locId=16016&customerId=0&imgSizeId=0&pIds=6967370
https://webshopb2b.bloomingville.com/Services/ProductService.asmx/Products?v=1.0&cId=11&langId=5&countryId=11&locId=16016&customerId=0&imgSizeId=0&pIds=6967383
https://webshopb2b.bloomingville.com/Services/ProductService.asmx/Products?v=1.0&cId=11&langId=5&countryId=11&locId=16016&customerId=0&imgSizeId=0&pIds=6967384
https://webshopb2b.bloomingville.com/Services/ProductService.asmx/Products?v=1.0&cId=11&langId=5&countryId=11&locId=16016&customerId=0&imgSizeId=0&pIds=6967386
https://webshopb2b.bloomingville.com/Services/ProductService.asmx/Products?v=1.0&cId=11&langId=5&countryId=11&locId=16016&customerId=0&imgSizeId=0&pIds=6967387
https://webshopb2b.bloomingville.com/Services/ProductService.asmx/Products?v=1.0&cId=11&langId=5&countryId=11&locId=16016&customerId=0&imgSizeId=0&pIds=6967538
https://webshopb2b.bloomingville.com/Services/ProductService.asmx/Products?v=1.0&cId=11&langId=5&countryId=11&locId=16016&customerId=0&imgSizeId=0&pIds=6967550
https://webshopb2b.bloomingville.com/Services/ProductService.asmx/Products?v=1.0&cId=11&langId=5&countryId=11&locId=16016&customerId=0&imgSizeId=0&pIds=6967551
https://webshopb2b.bloomingville.com/Services/ProductService.asmx/Products?v=1.0&cId=11&langId=5&countryId=11&locId=16016&customerId=0&imgSizeId=0&pIds=6967555
https://webshopb2b.bloomingville.com/Services/ProductService.asmx/Products?v=1.0&cId=11&langId=5&countryId=11&locId=16016&customerId=0&imgSizeId=0&pIds=6967564
https://webshopb2b.bloomingville.com/Services/ProductService.asmx/Products?v=1.0&cId=11&langId=5&countryId=11&locId=16016&customerId=0&imgSizeId=0&pIds=6967565
https://webshopb2b.bloomingville.com/Services/ProductService.asmx/Products?v=1.0&cId=11&langId=5&countryId=11&locId=16016&customerId=0&imgSizeId=0&pIds=6967566
https://webshopb2b.bloomingville.com/Services/ProductService.asmx/Products?v=1.0&cId=11&langId=5&countryId=11&locId=16016&customerId=0&imgSizeId=0&pIds=6967567
https://webshopb2b.bloomingville.com/Services/ProductService.asmx/Products?v=1.0&cId=11&langId=5&countryId=11&locId=16016&customerId=0&imgSizeId=0&pIds=6125486
https://webshopb2b.bloomingville.com/Services/ProductService.asmx/Products?v=1.0&cId=11&langId=5&countryId=11&locId=16016&customerId=0&imgSizeId=0&pIds=6125487
https://webshopb2b.bloomingville.com/Services/ProductService.asmx/Products?v=1.0&cId=11&langId=5&countryId=11&locId=16016&customerId=0&imgSizeId=0&pIds=6125506
https://webshopb2b.bloomingville.com/Services/ProductService.asmx/Products?v=1.0&cId=11&langId=5&countryId=11&locId=16016&customerId=0&imgSizeId=0&pIds=6125520
https://webshopb2b.bloomingville.com/Services/ProductService.asmx/Products?v=1.0&cId=11&langId=5&countryId=11&locId=16016&customerId=0&imgSizeId=0&pIds=6125571
https://webshopb2b.bloomingville.com/Services/ProductService.asmx/Products?v=1.0&cId=11&langId=5&countryId=11&locId=16016&customerId=0&imgSizeId=0&pIds=6125616
https://webshopb2b.bloomingville.com/Services/ProductService.asmx/Products?v=1.0&cId=11&langId=5&countryId=11&locId=16016&customerId=0&imgSizeId=0&pIds=6125634
https://webshopb2b.bloomingville.com/Services/ProductService.asmx/Products?v=1.0&cId=11&langId=5&countryId=11&locId=16016&customerId=0&imgSizeId=0&pIds=6125653
https://webshopb2b.bloomingville.com/Services/ProductService.asmx/Products?v=1.0&cId=11&langId=5&countryId=11&locId=16016&customerId=0&imgSizeId=0&pIds=6125657
https://webshopb2b.bloomingville.com/Services/ProductService.asmx/Products?v=1.0&cId=11&langId=5&countryId=11&locId=16016&customerId=0&imgSizeId=0&pIds=6125744
https://webshopb2b.bloomingville.com/Services/ProductService.asmx/Products?v=1.0&cId=11&langId=5&countryId=11&locId=16016&customerId=0&imgSizeId=0&pIds=5254523
https://webshopb2b.bloomingville.com/Services/ProductService.asmx/Products?v=1.0&cId=11&langId=5&countryId=11&locId=16016&customerId=0&imgSizeId=0&pIds=5255156
https://webshopb2b.bloomingville.com/Services/ProductService.asmx/Products?v=1.0&cId=11&langId=5&countryId=11&locId=16016&customerId=0&imgSizeId=0&pIds=4016512
https://webshopb2b.bloomingville.com/Services/ProductService.asmx/Products?v=1.0&cId=11&langId=5&countryId=11&locId=16016&customerId=0&imgSizeId=0&pIds=2209896
https://webshopb2b.bloomingville.com/Services/ProductService.asmx/Products?v=1.0&cId=11&langId=5&countryId=11&locId=16016&customerId=0&imgSizeId=0&pIds=2700105
https://webshopb2b.bloomingville.com/Services/ProductService.asmx/Products?v=1.0&cId=11&langId=5&countryId=11&locId=16016&customerId=0&imgSizeId=0&pIds=2658779
https://webshopb2b.bloomingville.com/Services/ProductService.asmx/Products?v=1.0&cId=11&langId=5&countryId=11&locId=16016&customerId=0&imgSizeId=0&pIds=3628455
https://webshopb2b.bloomingville.com/Services/ProductService.asmx/Products?v=1.0&cId=11&langId=5&countryId=11&locId=16016&customerId=0&imgSizeId=0&pIds=3628457
https://webshopb2b.bloomingville.com/Services/ProductService.asmx/Products?v=1.0&cId=11&langId=5&countryId=11&locId=16016&customerId=0&imgSizeId=0&pIds=3628459
https://webshopb2b.bloomingville.com/Services/ProductService.asmx/Products?v=1.0&cId=11&langId=5&countryId=11&locId=16016&customerId=0&imgSizeId=0&pIds=3628482
https://webshopb2b.bloomingville.com/Services/ProductService.asmx/Products?v=1.0&cId=11&langId=5&countryId=11&locId=16016&customerId=0&imgSizeId=0&pIds=2212645
https://webshopb2b.bloomingville.com/Services/ProductService.asmx/Products?v=1.0&cId=11&langId=5&countryId=11&locId=16016&customerId=0&imgSizeId=0&pIds=2212648
https://webshopb2b.bloomingville.com/Services/ProductService.asmx/Products?v=1.0&cId=11&langId=5&countryId=11&locId=16016&customerId=0&imgSizeId=0&pIds=2212659
https://webshopb2b.bloomingville.com/Services/ProductService.asmx/Products?v=1.0&cId=11&langId=5&countryId=11&locId=16016&customerId=0&imgSizeId=0&pIds=6966983
https://webshopb2b.bloomingville.com/Services/ProductService.asmx/Products?v=1.0&cId=11&langId=5&countryId=11&locId=16016&customerId=0&imgSizeId=0&pIds=6966984
https://webshopb2b.bloomingville.com/Services/ProductService.asmx/Products?v=1.0&cId=11&langId=5&countryId=11&locId=16016&customerId=0&imgSizeId=0&pIds=6966985
https://webshopb2b.bloomingville.com/Services/ProductService.asmx/Products?v=1.0&cId=11&langId=5&countryId=11&locId=16016&customerId=0&imgSizeId=0&pIds=6275759
https://webshopb2b.bloomingville.com/Services/ProductService.asmx/Products?v=1.0&cId=11&langId=5&countryId=11&locId=16016&customerId=0&imgSizeId=0&pIds=696699

https://webshopb2b.bloomingville.com/Services/ProductService.asmx/Products?v=1.0&cId=11&langId=5&countryId=11&locId=16016&customerId=0&imgSizeId=0&pIds=6967013
https://webshopb2b.bloomingville.com/Services/ProductService.asmx/Products?v=1.0&cId=11&langId=5&countryId=11&locId=16016&customerId=0&imgSizeId=0&pIds=6967014
https://webshopb2b.bloomingville.com/Services/ProductService.asmx/Products?v=1.0&cId=11&langId=5&countryId=11&locId=16016&customerId=0&imgSizeId=0&pIds=6967015
https://webshopb2b.bloomingville.com/Services/ProductService.asmx/Products?v=1.0&cId=11&langId=5&countryId=11&locId=16016&customerId=0&imgSizeId=0&pIds=6967016
https://webshopb2b.bloomingville.com/Services/ProductService.asmx/Products?v=1.0&cId=11&langId=5&countryId=11&locId=16016&customerId=0&imgSizeId=0&pIds=6967017
https://webshopb2b.bloomingville.com/Services/ProductService.asmx/Products?v=1.0&cId=11&langId=5&countryId=11&locId=16016&customerId=0&imgSizeId=0&pIds=6967019
https://webshopb2b.bloomingville.com/Services/ProductService.asmx/Products?v=1.0&cId=11&langId=5&countryId=11&locId=16016&customerId=0&imgSizeId=0&pIds=6967020
https://webshopb2b.bloomingville.com/Services/ProductService.asmx/Products?v=1.0&cId=11&langId=5&countryId=11&locId=16016&customerId=0&imgSizeId=0&pIds=6967023
https://webshopb2b.bloomingville.com/Services/ProductService.asmx/Products?v=1.0&cId=11&langId=5&countryId=11&locId=16016&customerId=0&imgSizeId=0&pIds=696703
https://webshopb2b.bloomingville.com/Services/ProductService.asmx/Products?v=1.0&cId=11&langId=5&countryId=11&locId=16016&customerId=0&imgSizeId=0&pIds=6967049
https://webshopb2b.bloomingville.com/Services/ProductService.asmx/Products?v=1.0&cId=11&langId=5&countryId=11&locId=16016&customerId=0&imgSizeId=0&pIds=6967050
https://webshopb2b.bloomingville.com/Services/ProductService.asmx/Products?v=1.0&cId=11&langId=5&countryId=11&locId=16016&customerId=0&imgSizeId=0&pIds=6967064
https://webshopb2b.bloomingville.com/Services/ProductService.asmx/Products?v=1.0&cId=11&langId=5&countryId=11&locId=16016&customerId=0&imgSizeId=0&pIds=6967078
https://webshopb2b.bloomingville.com/Services/ProductService.asmx/Products?v=1.0&cId=11&langId=5&countryId=11&locId=16016&customerId=0&imgSizeId=0&pIds=6967079
https://webshopb2b.bloomingville.com/Services/ProductService.asmx/Products?v=1.0&cId=11&langId=5&countryId=11&locId=16016&customerId=0&imgSizeId=0&pIds=6967080
https://webshopb2b.bloomingville.com/Services/ProductService.asmx/Products?v=1.0&cId=11&langId=5&countryId=11&locId=16016&customerId=0&imgSizeId=0&pIds=6967081
https://webshopb2b.bloomingville.com/Services/ProductService.asmx/Products?v=1.0&cId=11&langId=5&countryId=11&locId=16016&customerId=0&imgSizeId=0&pIds=6967082
https://webshopb2b.bloomingville.com/Services/ProductService.asmx/Products?v=1.0&cId=11&langId=5&countryId=11&locId=16016&customerId=0&imgSizeId=0&pIds=6967083
https://webshopb2b.bloomingville.com/Services/ProductService.asmx/Products?v=1.0&cId=11&langId=5&countryId=11&locId=16016&customerId=0&imgSizeId=0&pIds=6967084
https://webshopb2b.bloomingville.com/Services/ProductService.asmx/Products?v=1.0&cId=11&langId=5&countryId=11&locId=16016&customerId=0&imgSizeId=0&pIds=6967091
https://webshopb2b.bloomingville.com/Services/ProductService.asmx/Products?v=1.0&cId=11&langId=5&countryId=11&locId=16016&customerId=0&imgSizeId=0&pIds=6967119
https://webshopb2b.bloomingville.com/Services/ProductService.asmx/Products?v=1.0&cId=11&langId=5&countryId=11&locId=16016&customerId=0&imgSizeId=0&pIds=6967126
https://webshopb2b.bloomingville.com/Services/ProductService.asmx/Products?v=1.0&cId=11&langId=5&countryId=11&locId=16016&customerId=0&imgSizeId=0&pIds=6967151
https://webshopb2b.bloomingville.com/Services/ProductService.asmx/Products?v=1.0&cId=11&langId=5&countryId=11&locId=16016&customerId=0&imgSizeId=0&pIds=6967287
https://webshopb2b.bloomingville.com/Services/ProductService.asmx/Products?v=1.0&cId=11&langId=5&countryId=11&locId=16016&customerId=0&imgSizeId=0&pIds=6967297
https://webshopb2b.bloomingville.com/Services/ProductService.asmx/Products?v=1.0&cId=11&langId=5&countryId=11&locId=16016&customerId=0&imgSizeId=0&pIds=6967308
https://webshopb2b.bloomingville.com/Services/ProductService.asmx/Products?v=1.0&cId=11&langId=5&countryId=11&locId=16016&customerId=0&imgSizeId=0&pIds=6967323
https://webshopb2b.bloomingville.com/Services/ProductService.asmx/Products?v=1.0&cId=11&langId=5&countryId=11&locId=16016&customerId=0&imgSizeId=0&pIds=6967329
https://webshopb2b.bloomingville.com/Services/ProductService.asmx/Products?v=1.0&cId=11&langId=5&countryId=11&locId=16016&customerId=0&imgSizeId=0&pIds=6967343
https://webshopb2b.bloomingville.com/Services/ProductService.asmx/Products?v=1.0&cId=11&langId=5&countryId=11&locId=16016&customerId=0&imgSizeId=0&pIds=6967344
https://webshopb2b.bloomingville.com/Services/ProductService.asmx/Products?v=1.0&cId=11&langId=5&countryId=11&locId=16016&customerId=0&imgSizeId=0&pIds=6967347
https://webshopb2b.bloomingville.com/Services/ProductService.asmx/Products?v=1.0&cId=11&langId=5&countryId=11&locId=16016&customerId=0&imgSizeId=0&pIds=6967364
https://webshopb2b.bloomingville.com/Services/ProductService.asmx/Products?v=1.0&cId=11&langId=5&countryId=11&locId=16016&customerId=0&imgSizeId=0&pIds=6967365
https://webshopb2b.bloomingville.com/Services/ProductService.asmx/Products?v=1.0&cId=11&langId=5&countryId=11&locId=16016&customerId=0&imgSizeId=0&pIds=6967374
https://webshopb2b.bloomingville.com/Services/ProductService.asmx/Products?v=1.0&cId=11&langId=5&countryId=11&locId=16016&customerId=0&imgSizeId=0&pIds=6967378
https://webshopb2b.bloomingville.com/Services/ProductService.asmx/Products?v=1.0&cId=11&langId=5&countryId=11&locId=16016&customerId=0&imgSizeId=0&pIds=6967379
https://webshopb2b.bloomingville.com/Services/ProductService.asmx/Products?v=1.0&cId=11&langId=5&countryId=11&locId=16016&customerId=0&imgSizeId=0&pIds=6967380
https://webshopb2b.bloomingville.com/Services/ProductService.asmx/Products?v=1.0&cId=11&langId=5&countryId=11&locId=16016&customerId=0&imgSizeId=0&pIds=6967392
https://webshopb2b.bloomingville.com/Services/ProductService.asmx/Products?v=1.0&cId=11&langId=5&countryId=11&locId=16016&customerId=0&imgSizeId=0&pIds=6967401
https://webshopb2b.bloomingville.com/Services/ProductService.asmx/Products?v=1.0&cId=11&langId=5&countryId=11&locId=16016&customerId=0&imgSizeId=0&pIds=6967498
https://webshopb2b.bloomingville.com/Services/ProductService.asmx/Products?v=1.0&cId=11&langId=5&countryId=11&locId=16016&customerId=0&imgSizeId=0&pIds=6967534
https://webshopb2b.bloomingville.com/Services/ProductService.asmx/Products?v=1.0&cId=11&langId=5&countryId=11&locId=16016&customerId=0&imgSizeId=0&pIds=6967536
https://webshopb2b.bloomingville.com/Services/ProductService.asmx/Products?v=1.0&cId=11&langId=5&countryId=11&locId=16016&customerId=0&imgSizeId=0&pIds=6967542
https://webshopb2b.bloomingville.com/Services/ProductService.asmx/Products?v=1.0&cId=11&langId=5&countryId=11&locId=16016&customerId=0&imgSizeId=0&pIds=6967552
https://webshopb2b.bloomingville.com/Services/ProductService.asmx/Products?v=1.0&cId=11&langId=5&countryId=11&locId=16016&customerId=0&imgSizeId=0&pIds=6967580
https://webshopb2b.bloomingville.com/Services/ProductService.asmx/Products?v=1.0&cId=11&langId=5&countryId=11&locId=16016&customerId=0&imgSizeId=0&pIds=6967581
https://webshopb2b.bloomingville.com/Services/ProductService.asmx/Products?v=1.0&cId=11&langId=5&countryId=11&locId=16016&customerId=0&imgSizeId=0&pIds=6967582
https://webshopb2b.bloomingville.com/Services/ProductService.asmx/Products?v=1.0&cId=11&langId=5&countryId=11&locId=16016&customerId=0&imgSizeId=0&pIds=6125378
https://webshopb2b.bloomingville.com/Services/ProductService.asmx/Products?v=1.0&cId=11&langId=5&countryId=11&locId=16016&customerId=0&imgSizeId=0&pIds=6125379
https://webshopb2b.bloomingville.com/Services/ProductService.asmx/Products?v=1.0&cId=11&langId=5&countryId=11&locId=16016&customerId=0&imgSizeId=0&pIds=6125380
https://webshopb2b.bloomingville.com/Services/ProductService.asmx/Products?v=1.0&cId=11&langId=5&countryId=11&locId=16016&customerId=0&imgSizeId=0&pIds=6367606
https://webshopb2b.bloomingville.com/Services/ProductService.asmx/Products?v=1.0&cId=11&langId=5&countryId=11&locId=16016&customerId=0&imgSizeId=0&pIds=6125450
https://webshopb2b.bloomingville.com/Services/ProductService.asmx/Products?v=1.0&cId=11&langId=5&countryId=11&locId=16016&customerId=0&imgSizeId=0&pIds=6125451


https://webshopb2b.bloomingville.com/Services/ProductService.asmx/Products?v=1.0&cId=11&langId=5&countryId=11&locId=16016&customerId=0&imgSizeId=0&pIds=6125548
https://webshopb2b.bloomingville.com/Services/ProductService.asmx/Products?v=1.0&cId=11&langId=5&countryId=11&locId=16016&customerId=0&imgSizeId=0&pIds=6125549
https://webshopb2b.bloomingville.com/Services/ProductService.asmx/Products?v=1.0&cId=11&langId=5&countryId=11&locId=16016&customerId=0&imgSizeId=0&pIds=6125551
https://webshopb2b.bloomingville.com/Services/ProductService.asmx/Products?v=1.0&cId=11&langId=5&countryId=11&locId=16016&customerId=0&imgSizeId=0&pIds=6125577
https://webshopb2b.bloomingville.com/Services/ProductService.asmx/Products?v=1.0&cId=11&langId=5&countryId=11&locId=16016&customerId=0&imgSizeId=0&pIds=6125578
https://webshopb2b.bloomingville.com/Services/ProductService.asmx/Products?v=1.0&cId=11&langId=5&countryId=11&locId=16016&customerId=0&imgSizeId=0&pIds=6125579
https://webshopb2b.bloomingville.com/Services/ProductService.asmx/Products?v=1.0&cId=11&langId=5&countryId=11&locId=16016&customerId=0&imgSizeId=0&pIds=6125580
https://webshopb2b.bloomingville.com/Services/ProductService.asmx/Products?v=1.0&cId=11&langId=5&countryId=11&locId=16016&customerId=0&imgSizeId=0&pIds=6125615
https://webshopb2b.bloomingville.com/Services/ProductService.asmx/Products?v=1.0&cId=11&langId=5&countryId=11&locId=16016&customerId=0&imgSizeId=0&pIds=6125617
https://webshopb2b.bloomingville.com/Services/ProductService.asmx/Products?v=1.0&cId=11&langId=5&countryId=11&locId=16016&customerId=0&imgSizeId=0&pIds=6125631
https://webshopb2b.bloomingville.com/Services/ProductService.asmx/Products?v=1.0&cId=11&langId=5&countryId=11&locId=16016&customerId=0&imgSizeId=0&pIds=6125637
https://webshopb2b.bloomingville.com/Services/ProductService.asmx/Products?v=1.0&cId=11&langId=5&countryId=11&locId=16016&customerId=0&imgSizeId=0&pIds=6125648
https://webshopb2b.bloomingville.com/Services/ProductService.asmx/Products?v=1.0&cId=11&langId=5&countryId=11&locId=16016&customerId=0&imgSizeId=0&pIds=6125731
https://webshopb2b.bloomingville.com/Services/ProductService.asmx/Products?v=1.0&cId=11&langId=5&countryId=11&locId=16016&customerId=0&imgSizeId=0&pIds=6125740
https://webshopb2b.bloomingville.com/Services/ProductService.asmx/Products?v=1.0&cId=11&langId=5&countryId=11&locId=16016&customerId=0&imgSizeId=0&pIds=6125745
https://webshopb2b.bloomingville.com/Services/ProductService.asmx/Products?v=1.0&cId=11&langId=5&countryId=11&locId=16016&customerId=0&imgSizeId=0&pIds=6125748
https://webshopb2b.bloomingville.com/Services/ProductService.asmx/Products?v=1.0&cId=11&langId=5&countryId=11&locId=16016&customerId=0&imgSizeId=0&pIds=5793716
https://webshopb2b.bloomingville.com/Services/ProductService.asmx/Products?v=1.0&cId=11&langId=5&countryId=11&locId=16016&customerId=0&imgSizeId=0&pIds=5254248

https://webshopb2b.bloomingville.com/Services/ProductService.asmx/Products?v=1.0&cId=11&langId=5&countryId=11&locId=16016&customerId=0&imgSizeId=0&pIds=5254250
https://webshopb2b.bloomingville.com/Services/ProductService.asmx/Products?v=1.0&cId=11&langId=5&countryId=11&locId=16016&customerId=0&imgSizeId=0&pIds=5254299
https://webshopb2b.bloomingville.com/Services/ProductService.asmx/Products?v=1.0&cId=11&langId=5&countryId=11&locId=16016&customerId=0&imgSizeId=0&pIds=5254584
https://webshopb2b.bloomingville.com/Services/ProductService.asmx/Products?v=1.0&cId=11&langId=5&countryId=11&locId=16016&customerId=0&imgSizeId=0&pIds=5254585


https://webshopb2b.bloomingville.com/Services/ProductService.asmx/Products?v=1.0&cId=11&langId=5&countryId=11&locId=16016&customerId=0&imgSizeId=0&pIds=5254593
https://webshopb2b.bloomingville.com/Services/ProductService.asmx/Products?v=1.0&cId=11&langId=5&countryId=11&locId=16016&customerId=0&imgSizeId=0&pIds=5254595
https://webshopb2b.bloomingville.com/Services/ProductService.asmx/Products?v=1.0&cId=11&langId=5&countryId=11&locId=16016&customerId=0&imgSizeId=0&pIds=5254603
https://webshopb2b.bloomingville.com/Services/ProductService.asmx/Products?v=1.0&cId=11&langId=5&countryId=11&locId=16016&customerId=0&imgSizeId=0&pIds=5254604
https://webshopb2b.bloomingville.com/Services/ProductService.asmx/Products?v=1.0&cId=11&langId=5&countryId=11&locId=16016&customerId=0&imgSizeId=0&pIds=5254605

https://webshopb2b.bloomingville.com/Services/ProductService.asmx/Products?v=1.0&cId=11&langId=5&countryId=11&locId=16016&customerId=0&imgSizeId=0&pIds=5254607
https://webshopb2b.bloomingville.com/Services/ProductService.asmx/Products?v=1.0&cId=11&langId=5&countryId=11&locId=16016&customerId=0&imgSizeId=0&pIds=5254615
https://webshopb2b.bloomingville.com/Services/ProductService.asmx/Products?v=1.0&cId=11&langId=5&countryId=11&locId=16016&customerId=0&imgSizeId=0&pIds=5254634
https://webshopb2b.bloomingville.com/Services/ProductService.asmx/Products?v=1.0&cId=11&langId=5&countryId=11&locId=16016&customerId=0&imgSizeId=0&pIds=5254765
https://webshopb2b.bloomingville.com/Services/ProductService.asmx/Products?v=1.0&cId=11&langId=5&countryId=11&locId=16016&customerId=0&imgSizeId=0&pIds=5254766
https://webshopb2b.bloomingville.com/Services/ProductService.asmx/Products?v=1.0&cId=11&langId=5&countryId=11&locId=16016&customerId=0&imgSizeId=0&pIds=5254778
https://webshopb2b.bloomingville.com/Services/ProductService.asmx/Products?v=1.0&cId=11&langId=5&countryId=11&locId=16016&customerId=0&imgSizeId=0&pIds=5255077
https://webshopb2b.bloomingville.com/Services/ProductService.asmx/Products?v=1.0&cId=11&langId=5&countryId=11&locId=16016&customerId=0&imgSizeId=0&pIds=5255097
https://webshopb2b.bloomingville.com/Services/ProductService.asmx/Products?v=1.0&cId=11&langId=5&countryId=11&locId=16016&customerId=0&imgSizeId=0&pIds=5255120
https://webshopb2b.bloomingville.com/Services/ProductService.asmx/Products?v=1.0&cId=11&langId=5&countryId=11&locId=16016&customerId=0&imgSizeId=0&pIds=5255121
https://webshopb2b.bloomingville.com/Services/ProductService.asmx/Products?v=1.0&cId=11&langId=5&countryId=11&locId=16016&customerId=0&imgSizeId=0&pIds=5255122
https://webshopb2b.bloomingville.com/Services/ProductService.asmx/Products?v=1.0&cId=11&langId=5&countryId=11&locId=16016&customerId=0&imgSizeId=0&pIds=5255123
https://webshopb2b.bloomingville.com/Services/ProductService.asmx/Products?v=1.0&cId=11&langId=5&countryId=11&locId=16016&customerId=0&imgSizeId=0&pIds=5255124
https://webshopb2b.bloomingville.com/Services/ProductService.asmx/Products?v=1.0&cId=11&langId=5&countryId=11&locId=16016&customerId=0&imgSizeId=0&pIds=5255151
https://webshopb2b.bloomingville.com/Services/ProductService.asmx/Products?v=1.0&cId=11&langId=5&countryId=11&locId=16016&customerId=0&imgSizeId=0&pIds=4016220
https://webshopb2b.bloomingville.com/Services/ProductService.asmx/Products?v=1.0&cId=11&langId=5&countryId=11&locId=16016&customerId=0&imgSizeId=0&pIds=4016324
https://webshopb2b.bloomingville.com/Services/ProductService.asmx/Products?v=1.0&cId=11&langId=5&countryId=11&locId=16016&customerId=0&imgSizeId=0&pIds=4016325
https://webshopb2b.bloomingville.com/Services/ProductService.asmx/Products?v=1.0&cId=11&langId=5&countryId=11&locId=16016&customerId=0&imgSizeId=0&pIds=4016326
https://webshopb2b.bloomingville.com/Services/ProductService.asmx/Products?v=1.0&cId=11&langId=5&countryId=11&locId=16016&customerId=0&imgSizeId=0&pIds=4016327
https://webshopb2b.bloomingville.com/Services/ProductService.asmx/Products?v=1.0&cId=11&langId=5&countryId=11&locId=16016&customerId=0&imgSizeId=0&pIds=4016328
https://webshopb2b.bloomingville.com/Services/ProductService.asmx/Products?v=1.0&cId=11&langId=5&countryId=11&locId=16016&customerId=0&imgSizeId=0&pIds=4016329

https://webshopb2b.bloomingville.com/Services/ProductService.asmx/Products?v=1.0&cId=11&langId=5&countryId=11&locId=16016&customerId=0&imgSizeId=0&pIds=4016355
https://webshopb2b.bloomingville.com/Services/ProductService.asmx/Products?v=1.0&cId=11&langId=5&countryId=11&locId=16016&customerId=0&imgSizeId=0&pIds=4016356
https://webshopb2b.bloomingville.com/Services/ProductService.asmx/Products?v=1.0&cId=11&langId=5&countryId=11&locId=16016&customerId=0&imgSizeId=0&pIds=4016374
https://webshopb2b.bloomingville.com/Services/ProductService.asmx/Products?v=1.0&cId=11&langId=5&countryId=11&locId=16016&customerId=0&imgSizeId=0&pIds=4016375
https://webshopb2b.bloomingville.com/Services/ProductService.asmx/Products?v=1.0&cId=11&langId=5&countryId=11&locId=16016&customerId=0&imgSizeId=0&pIds=4101302
https://webshopb2b.bloomingville.com/Services/ProductService.asmx/Products?v=1.0&cId=11&langId=5&countryId=11&locId=16016&customerId=0&imgSizeId=0&pIds=2208942
https://webshopb2b.bloomingville.com/Services/ProductService.asmx/Products?v=1.0&cId=11&langId=5&countryId=11&locId=16016&customerId=0&imgSizeId=0&pIds=2209912

https://webshopb2b.bloomingville.com/Services/ProductService.asmx/Products?v=1.0&cId=11&langId=5&countryId=11&locId=16016&customerId=0&imgSizeId=0&pIds=2209914
https://webshopb2b.bloomingville.com/Services/ProductService.asmx/Products?v=1.0&cId=11&langId=5&countryId=11&locId=16016&customerId=0&imgSizeId=0&pIds=2209919
https://webshopb2b.bloomingville.com/Services/ProductService.asmx/Products?v=1.0&cId=11&langId=5&countryId=11&locId=16016&customerId=0&imgSizeId=0&pIds=2209920
https://webshopb2b.bloomingville.com/Services/ProductService.asmx/Products?v=1.0&cId=11&langId=5&countryId=11&locId=16016&customerId=0&imgSizeId=0&pIds=2209921
https://webshopb2b.bloomingville.com/Services/ProductService.asmx/Products?v=1.0&cId=11&langId=5&countryId=11&locId=16016&customerId=0&imgSizeId=0&pIds=2369021
https://webshopb2b.bloomingville.com/Services/ProductService.asmx/Products?v=1.0&cId=11&langId=5&countryId=11&locId=16016&customerId=0&imgSizeId=0&pIds=2369022
https://webshopb2b.bloomingville.com/Services/ProductService.asmx/Products?v=1.0&cId=11&langId=5&countryId=11&locId=16016&customerId=0&imgSizeId=0&pIds=2342096
https://webshopb2b.bloomingville.com/Services/ProductService.asmx/Products?v=1.0&cId=11&langId=5&countryId=11&locId=16016&customerId=0&imgSizeId=0&pIds=2210191
https://webshopb2b.bloomingville.com/Services/ProductService.asmx/Products?v=1.0&cId=11&langId=5&countryId=11&locId=16016&customerId=0&imgSizeId=0&pIds=2211141
https://webshopb2b.bloomingville.com/Services/ProductService.asmx/Products?v=1.0&cId=11&langId=5&countryId=11&locId=16016&customerId=0&imgSizeId=0&pIds=2211142
https://webshopb2b.bloomingville.com/Services/ProductService.asmx/Products?v=1.0&cId=11&langId=5&countryId=11&locId=16016&customerId=0&imgSizeId=0&pIds=2211143
https://webshopb2b.bloomingville.com/Services/ProductService.asmx/Products?v=1.0&cId=11&langId=5&countryId=11&locId=16016&customerId=0&imgSizeId=0&pIds=3628492
https://webshopb2b.bloomingville.com/Services/ProductService.asmx/Products?v=1.0&cId=11&langId=5&countryId=11&locId=16016&customerId=0&imgSizeId=0&pIds=3628493
https://webshopb2b.bloomingville.com/Services/ProductService.asmx/Products?v=1.0&cId=11&langId=5&countryId=11&locId=16016&customerId=0&imgSizeId=0&pIds=2211189
https://webshopb2b.bloomingville.com/Services/ProductService.asmx/Products?v=1.0&cId=11&langId=5&countryId=11&locId=16016&customerId=0&imgSizeId=0&pIds=2369032
https://webshopb2b.bloomingville.com/Services/ProductService.asmx/Products?v=1.0&cId=11&langId=5&countryId=11&locId=16016&customerId=0&imgSizeId=0&pIds=2211200
https://webshopb2b.bloomingville.com/Services/ProductService.asmx/Products?v=1.0&cId=11&langId=5&countryId=11&locId=16016&customerId=0&imgSizeId=0&pIds=2211201
https://webshopb2b.bloomingville.com/Services/ProductService.asmx/Products?v=1.0&cId=11&langId=5&countryId=11&locId=16016&customerId=0&imgSizeId=0&pIds=2211202

https://webshopb2b.bloomingville.com/Services/ProductService.asmx/Products?v=1.0&cId=11&langId=5&countryId=11&locId=16016&customerId=0&imgSizeId=0&pIds=2369036
https://webshopb2b.bloomingville.com/Services/ProductService.asmx/Products?v=1.0&cId=11&langId=5&countryId=11&locId=16016&customerId=0&imgSizeId=0&pIds=2369039
https://webshopb2b.bloomingville.com/Services/ProductService.asmx/Products?v=1.0&cId=11&langId=5&countryId=11&locId=16016&customerId=0&imgSizeId=0&pIds=2369040
https://webshopb2b.bloomingville.com/Services/ProductService.asmx/Products?v=1.0&cId=11&langId=5&countryId=11&locId=16016&customerId=0&imgSizeId=0&pIds=2369043
https://webshopb2b.bloomingville.com/Services/ProductService.asmx/Products?v=1.0&cId=11&langId=5&countryId=11&locId=16016&customerId=0&imgSizeId=0&pIds=2369044
https://webshopb2b.bloomingville.com/Services/ProductService.asmx/Products?v=1.0&cId=11&langId=5&countryId=11&locId=16016&customerId=0&imgSizeId=0&pIds=2752686

https://webshopb2b.bloomingville.com/Services/ProductService.asmx/Products?v=1.0&cId=11&langId=5&countryId=11&locId=16016&customerId=0&imgSizeId=0&pIds=2369046
https://webshopb2b.bloomingville.com/Services/ProductService.asmx/Products?v=1.0&cId=11&langId=5&countryId=11&locId=16016&customerId=0&imgSizeId=0&pIds=2369048
https://webshopb2b.bloomingville.com/Services/ProductService.asmx/Products?v=1.0&cId=11&langId=5&countryId=11&locId=16016&customerId=0&imgSizeId=0&pIds=2369053
https://webshopb2b.bloomingville.com/Services/ProductService.asmx/Products?v=1.0&cId=11&langId=5&countryId=11&locId=16016&customerId=0&imgSizeId=0&pIds=2658839
https://webshopb2b.bloomingville.com/Services/ProductService.asmx/Products?v=1.0&cId=11&langId=5&countryId=11&locId=16016&customerId=0&imgSizeId=0&pIds=2658840
https://webshopb2b.bloomingville.com/Services/ProductService.asmx/Products?v=1.0&cId=11&langId=5&countryId=11&locId=16016&customerId=0&imgSizeId=0&pIds=2752690
https://webshopb2b.bloomingville.com/Services/ProductService.asmx/Products?v=1.0&cId=11&langId=5&countryId=11&locId=16016&customerId=0&imgSizeId=0&pIds=3628532
https://webshopb2b.bloomingville.com/Services/ProductService.asmx/Products?v=1.0&cId=11&langId=5&countryId=11&locId=16016&customerId=0&imgSizeId=0&pIds=3628534
https://webshopb2b.bloomingville.com/Services/ProductService.asmx/Products?v=1.0&cId=11&langId=5&countryId=11&locId=16016&customerId=0&imgSizeId=0&pIds=2211498
https://webshopb2b.bloomingville.com/Services/ProductService.asmx/Products?v=1.0&cId=11&langId=5&countryId=11&locId=16016&customerId=0&imgSizeId=0&pIds=2211500
https://webshopb2b.bloomingville.com/Services/ProductService.asmx/Products?v=1.0&cId=11&langId=5&countryId=11&locId=16016&customerId=0&imgSizeId=0&pIds=2369055
https://webshopb2b.bloomingville.com/Services/ProductService.asmx/Products?v=1.0&cId=11&langId=5&countryId=11&locId=16016&customerId=0&imgSizeId=0&pIds=2211514
https://webshopb2b.bloomingville.com/Services/ProductService.asmx/Products?v=1.0&cId=11&langId=5&countryId=11&locId=16016&customerId=0&imgSizeId=0&pIds=2658907
https://webshopb2b.bloomingville.com/Services/ProductService.asmx/Products?v=1.0&cId=11&langId=5&countryId=11&locId=16016&customerId=0&imgSizeId=0&pIds=2658909
https://webshopb2b.bloomingville.com/Services/ProductService.asmx/Products?v=1.0&cId=11&langId=5&countryId=11&locId=16016&customerId=0&imgSizeId=0&pIds=3628552
https://webshopb2b.bloomingville.com/Services/ProductService.asmx/Products?v=1.0&cId=11&langId=5&countryId=11&locId=16016&customerId=0&imgSizeId=0&pIds=3628553
https://webshopb2b.bloomingville.com/Services/ProductService.asmx/Products?v=1.0&cId=11&langId=5&countryId=11&locId=16016&customerId=0&imgSizeId=0&pIds=2369073
https://webshopb2b.bloomingville.com/Services/ProductService.asmx/Products?v=1.0&cId=11&langId=5&countryId=11&locId=16016&customerId=0&imgSizeId=0&pIds=2212452
https://webshopb2b.bloomingville.com/Services/ProductService.asmx/Products?v=1.0&cId=11&langId=5&countryId=11&locId=16016&customerId=0&imgSizeId=0&pIds=2212456
https://webshopb2b.bloomingville.com/Services/ProductService.asmx/Products?v=1.0&cId=11&langId=5&countryId=11&locId=16016&customerId=0&imgSizeId=0&pIds=2700113
https://webshopb2b.bloomingville.com/Services/ProductService.asmx/Products?v=1.0&cId=11&langId=5&countryId=11&locId=16016&customerId=0&imgSizeId=0&pIds=2212509
https://webshopb2b.bloomingville.com/Services/ProductService.asmx/Products?v=1.0&cId=11&langId=5&countryId=11&locId=16016&customerId=0&imgSizeId=0&pIds=2752694
https://webshopb2b.bloomingville.com/Services/ProductService.asmx/Products?v=1.0&cId=11&langId=5&countryId=11&locId=16016&customerId=0&imgSizeId=0&pIds=2752695
https://webshopb2b.bloomingville.com/Services/ProductService.asmx/Products?v=1.0&cId=11&langId=5&countryId=11&locId=16016&customerId=0&imgSizeId=0&pIds=2752696
https://webshopb2b.bloomingville.com/Services/ProductService.asmx/Products?v=1.0&cId=11&langId=5&countryId=11&locId=16016&customerId=0&imgSizeId=0&pIds=2752699
https://webshopb2b.bloomingville.com/Services/ProductService.asmx/Products?v=1.0&cId=11&langId=5&countryId=11&locId=16016&customerId=0&imgSizeId=0&pIds=4047285
https://webshopb2b.bloomingville.com/Services/ProductService.asmx/Products?v=1.0&cId=11&langId=5&countryId=11&locId=16016&customerId=0&imgSizeId=0&pIds=6549205

https://webshopb2b.bloomingville.com/Services/ProductService.asmx/Products?v=1.0&cId=11&langId=5&countryId=11&locId=16016&customerId=0&imgSizeId=0&pIds=6967026
https://webshopb2b.bloomingville.com/Services/ProductService.asmx/Products?v=1.0&cId=11&langId=5&countryId=11&locId=16016&customerId=0&imgSizeId=0&pIds=6967047
https://webshopb2b.bloomingville.com/Services/ProductService.asmx/Products?v=1.0&cId=11&langId=5&countryId=11&locId=16016&customerId=0&imgSizeId=0&pIds=6967051
https://webshopb2b.bloomingville.com/Services/ProductService.asmx/Products?v=1.0&cId=11&langId=5&countryId=11&locId=16016&customerId=0&imgSizeId=0&pIds=6967052
https://webshopb2b.bloomingville.com/Services/ProductService.asmx/Products?v=1.0&cId=11&langId=5&countryId=11&locId=16016&customerId=0&imgSizeId=0&pIds=6967152
https://webshopb2b.bloomingville.com/Services/ProductService.asmx/Products?v=1.0&cId=11&langId=5&countryId=11&locId=16016&customerId=0&imgSizeId=0&pIds=6967179
https://webshopb2b.bloomingville.com/Services/ProductService.asmx/Products?v=1.0&cId=11&langId=5&countryId=11&locId=16016&customerId=0&imgSizeId=0&pIds=6967183
https://webshopb2b.bloomingville.com/Services/ProductService.asmx/Products?v=1.0&cId=11&langId=5&countryId=11&locId=16016&customerId=0&imgSizeId=0&pIds=6967321
https://webshopb2b.bloomingville.com/Services/ProductService.asmx/Products?v=1.0&cId=11&langId=5&countryId=11&locId=16016&customerId=0&imgSizeId=0&pIds=6967325
https://webshopb2b.bloomingville.com/Services/ProductService.asmx/Products?v=1.0&cId=11&langId=5&countryId=11&locId=16016&customerId=0&imgSizeId=0&pIds=6967460
https://webshopb2b.bloomingville.com/Services/ProductService.asmx/Products?v=1.0&cId=11&langId=5&countryId=11&locId=16016&customerId=0&imgSizeId=0&pIds=6125382
https://webshopb2b.bloomingville.com/Services/ProductService.asmx/Products?v=1.0&cId=11&langId=5&countryId=11&locId=16016&customerId=0&imgSizeId=0&pIds=6125423
https://webshopb2b.bloomingville.com/Services/ProductService.asmx/Products?v=1.0&cId=11&langId=5&countryId=11&locId=16016&customerId=0&imgSizeId=0&pIds=6125426
https://webshopb2b.bloomingville.com/Services/ProductService.asmx/Products?v=1.0&cId=11&langId=5&countryId=11&locId=16016&customerId=0&imgSizeId=0&pIds=6125448
https://webshopb2b.bloomingville.com/Services/ProductService.asmx/Products?v=1.0&cId=11&langId=5&countryId=11&locId=16016&customerId=0&imgSizeId=0&pIds=6125525
https://webshopb2b.bloomingville.com/Services/ProductService.asmx/Products?v=1.0&cId=11&langId=5&countryId=11&locId=16016&customerId=0&imgSizeId=0&pIds=6125544
https://webshopb2b.bloomingville.com/Services/ProductService.asmx/Products?v=1.0&cId=11&langId=5&countryId=11&locId=16016&customerId=0&imgSizeId=0&pIds=6125545
https://webshopb2b.bloomingville.com/Services/ProductService.asmx/Products?v=1.0&cId=11&langId=5&countryId=11&locId=16016&customerId=0&imgSizeId=0&pIds=6125627
https://webshopb2b.bloomingville.com/Services/ProductService.asmx/Products?v=1.0&cId=11&langId=5&countryId=11&locId=16016&customerId=0&imgSizeId=0&pIds=6125636
https://webshopb2b.bloomingville.com/Services/ProductService.asmx/Products?v=1.0&cId=11&langId=5&countryId=11&locId=16016&customerId=0&imgSizeId=0&pIds=6125651
https://webshopb2b.bloomingville.com/Services/ProductService.asmx/Products?v=1.0&cId=11&langId=5&countryId=11&locId=16016&customerId=0&imgSizeId=0&pIds=6688360
https://webshopb2b.bloomingville.com/Services/ProductService.asmx/Products?v=1.0&cId=11&langId=5&countryId=11&locId=16016&customerId=0&imgSizeId=0&pIds=5254608
https://webshopb2b.bloomingville.com/Services/ProductService.asmx/Products?v=1.0&cId=11&langId=5&countryId=11&locId=16016&customerId=0&imgSizeId=0&pIds=5254609
https://webshopb2b.bloomingville.com/Services/ProductService.asmx/Products?v=1.0&cId=11&langId=5&countryId=11&locId=16016&customerId=0&imgSizeId=0&pIds=5254612
https://webshopb2b.bloomingville.com/Services/ProductService.asmx/Products?v=1.0&cId=11&langId=5&countryId=11&locId=16016&customerId=0&imgSizeId=0&pIds=5254613
https://webshopb2b.bloomingville.com/Services/ProductService.asmx/Products?v=1.0&cId=11&langId=5&countryId=11&locId=16016&customerId=0&imgSizeId=0&pIds=5254614
https://webshopb2b.bloomingville.com/Services/ProductService.asmx/Products?v=1.0&cId=11&langId=5&countryId=11&locId=16016&customerId=0&imgSizeId=0&pIds=4016365
https://webshopb2b.bloomingville.com/Services/ProductService.asmx/Products?v=1.0&cId=11&langId=5&countryId=11&locId=16016&customerId=0&imgSizeId=0&pIds=4016366
https://webshopb2b.bloomingville.com/Services/ProductService.asmx/Products?v=1.0&cId=11&langId=5&countryId=11&locId=16016&customerId=0&imgSizeId=0&pIds=4016368
https://webshopb2b.bloomingville.com/Services/ProductService.asmx/Products?v=1.0&cId=11&langId=5&countryId=11&locId=16016&customerId=0&imgSizeId=0&pIds=2381202
https://webshopb2b.bloomingville.com/Services/ProductService.asmx/Products?v=1.0&cId=11&langId=5&countryId=11&locId=16016&customerId=0&imgSizeId=0&pIds=2211369
https://webshopb2b.bloomingville.com/Services/ProductService.asmx/Products?v=1.0&cId=11&langId=5&countryId=11&locId=16016&customerId=0&imgSizeId=0&pIds=2381549
https://webshopb2b.bloomingville.com/Services/ProductService.asmx/Products?v=1.0&cId=11&langId=5&countryId=11&locId=16016&customerId=0&imgSizeId=0&pIds=2381551
https://webshopb2b.bloomingville.com/Services/ProductService.asmx/Products?v=1.0&cId=11&langId=5&countryId=11&locId=16016&customerId=0&imgSizeId=0&pIds=2381552
https://webshopb2b.bloomingville.com/Services/ProductService.asmx/Products?v=1.0&cId=11&langId=5&countryId=11&locId=16016&customerId=0&imgSizeId=0&pIds=2381554
https://webshopb2b.bloomingville.com/Services/ProductService.asmx/Products?v=1.0&cId=11&langId=5&countryId=11&locId=16016&customerId=0&imgSizeId=0&pIds=2381555
https://webshopb2b.bloomingville.com/Services/ProductService.asmx/Products?v=1.0&cId=11&langId=5&countryId=11&locId=16016&customerId=0&imgSizeId=0&pIds=2658856
https://webshopb2b.bloomingville.com/Services/ProductService.asmx/Products?v=1.0&cId=11&langId=5&countryId=11&locId=16016&customerId=0&imgSizeId=0&pIds=2658857
https://webshopb2b.bloomingville.com/Services/ProductService.asmx/Products?v=1.0&cId=11&langId=5&countryId=11&locId=16016&customerId=0&imgSizeId=0&pIds=2211477
https://webshopb2b.bloomingville.com/Services/ProductService.asmx/Products?v=1.0&cId=11&langId=5&countryId=11&locId=16016&customerId=0&imgSizeId=0&pIds=2211550
https://webshopb2b.bloomingville.com/Services/ProductService.asmx/Products?v=1.0&cId=11&langId=5&countryId=11&locId=16016&customerId=0&imgSizeId=0&pIds=2381618
https://webshopb2b.bloomingville.com/Services/ProductService.asmx/Products?v=1.0&cId=11&langId=5&countryId=11&locId=16016&customerId=0&imgSizeId=0&pIds=6284199

https://webshopb2b.bloomingville.com/Services/ProductService.asmx/Products?v=1.0&cId=11&langId=5&countryId=11&locId=16016&customerId=0&imgSizeId=0&pIds=6284255
https://webshopb2b.bloomingville.com/Services/ProductService.asmx/Products?v=1.0&cId=11&langId=5&countryId=11&locId=16016&customerId=0&imgSizeId=0&pIds=6284298
https://webshopb2b.bloomingville.com/Services/ProductService.asmx/Products?v=1.0&cId=11&langId=5&countryId=11&locId=16016&customerId=0&imgSizeId=0&pIds=6284328
https://webshopb2b.bloomingville.com/Services/ProductService.asmx/Products?v=1.0&cId=11&langId=5&countryId=11&locId=16016&customerId=0&imgSizeId=0&pIds=6284330
https://webshopb2b.bloomingville.com/Services/ProductService.asmx/Products?v=1.0&cId=11&langId=5&countryId=11&locId=16016&customerId=0&imgSizeId=0&pIds=6284337
https://webshopb2b.bloomingville.com/Services/ProductService.asmx/Products?v=1.0&cId=11&langId=5&countryId=11&locId=16016&customerId=0&imgSizeId=0&pIds=6284403
https://webshopb2b.bloomingville.com/Services/ProductService.asmx/Products?v=1.0&cId=11&langId=5&countryId=11&locId=16016&customerId=0&imgSizeId=0&pIds=6284418


https://webshopb2b.bloomingville.com/Services/ProductService.asmx/Products?v=1.0&cId=11&langId=5&countryId=11&locId=16016&customerId=0&imgSizeId=0&pIds=6284423


https://webshopb2b.bloomingville.com/Services/ProductService.asmx/Products?v=1.0&cId=11&langId=5&countryId=11&locId=16016&customerId=0&imgSizeId=0&pIds=6284442

https://webshopb2b.bloomingville.com/Services/ProductService.asmx/Products?v=1.0&cId=11&langId=5&countryId=11&locId=16016&customerId=0&imgSizeId=0&pIds=6966987
https://webshopb2b.bloomingville.com/Services/ProductService.asmx/Products?v=1.0&cId=11&langId=5&countryId=11&locId=16016&customerId=0&imgSizeId=0&pIds=6966988
https://webshopb2b.bloomingville.com/Services/ProductService.asmx/Products?v=1.0&cId=11&langId=5&countryId=11&locId=16016&customerId=0&imgSizeId=0&pIds=6966989
https://webshopb2b.bloomingville.com/Services/ProductService.asmx/Products?v=1.0&cId=11&langId=5&countryId=11&locId=16016&customerId=0&imgSizeId=0&pIds=6966990
https://webshopb2b.bloomingville.com/Services/ProductService.asmx/Products?v=1.0&cId=11&langId=5&countryId=11&locId=16016&customerId=0&imgSizeId=0&pIds=6966991
https://webshopb2b.bloomingville.com/Services/ProductService.asmx/Products?v=1.0&cId=11&langId=5&countryId=11&locId=16016&customerId=0&imgSizeId=0&pIds=6967285
https://webshopb2b.bloomingville.com/Services/ProductService.asmx/Products?v=1.0&cId=11&langId=5&countryId=11&locId=16016&customerId=0&imgSizeId=0&pIds=6967332
https://webshopb2b.bloomingville.com/Services/ProductService.asmx/Products?v=1.0&cId=11&langId=5&countryId=11&locId=16016&customerId=0&imgSizeId=0&pIds=6967333
https://webshopb2b.bloomingville.com/Services/ProductService.asmx/Products?v=1.0&cId=11&langId=5&countryId=11&locId=16016&customerId=0&imgSizeId=0&pIds=6967381
https://webshopb2b.bloomingville.com/Services/ProductService.asmx/Products?v=1.0&cId=11&langId=5&countryId=11&locId=16016&customerId=0&imgSizeId=0&pIds=6967474
https://webshopb2b.bloomingville.com/Services/ProductService.asmx/Products?v=1.0&cId=11&langId=5&countryId=11&locId=16016&customerId=0&imgSizeId=0&pIds=6967558
https://webshopb2b.bloomingville.com/Services/ProductService.asmx/Products?v=1.0&cId=11&langId=5&countryId=11&locId=16016&customerId=0&imgSizeId=0&pIds=6125424
https://webshopb2b.bloomingville.com/Services/ProductService.asmx/Products?v=1.0&cId=11&langId=5&countryId=11&locId=16016&customerId=0&imgSizeId=0&pIds=6125425
https://webshopb2b.bloomingville.com/Services/ProductService.asmx/Products?v=1.0&cId=11&langId=5&countryId=11&locId=16016&customerId=0&imgSizeId=0&pIds=6125427
https://webshopb2b.bloomingville.com/Services/ProductService.asmx/Products?v=1.0&cId=11&langId=5&countryId=11&locId=16016&customerId=0&imgSizeId=0&pIds=6125428
https://webshopb2b.bloomingville.com/Services/ProductService.asmx/Products?v=1.0&cId=11&langId=5&countryId=11&locId=16016&customerId=0&imgSizeId=0&pIds=6125429
https://webshopb2b.bloomingville.com/Services/ProductService.asmx/Products?v=1.0&cId=11&langId=5&countryId=11&locId=16016&customerId=0&imgSizeId=0&pIds=6125430
https://webshopb2b.bloomingville.com/Services/ProductService.asmx/Products?v=1.0&cId=11&langId=5&countryId=11&locId=16016&customerId=0&imgSizeId=0&pIds=6125618
https://webshopb2b.bloomingville.com/Services/ProductService.asmx/Products?v=1.0&cId=11&langId=5&countryId=11&locId=16016&customerId=0&imgSizeId=0&pIds=6125630
https://webshopb2b.bloomingville.com/Services/ProductService.asmx/Products?v=1.0&cId=11&langId=5&countryId=11&locId=16016&customerId=0&imgSizeId=0&pIds=6125632

https://webshopb2b.bloomingville.com/Services/ProductService.asmx/Products?v=1.0&cId=11&langId=5&countryId=11&locId=16016&customerId=0&imgSizeId=0&pIds=4016376
https://webshopb2b.bloomingville.com/Services/ProductService.asmx/Products?v=1.0&cId=11&langId=5&countryId=11&locId=16016&customerId=0&imgSizeId=0&pIds=4016378
https://webshopb2b.bloomingville.com/Services/ProductService.asmx/Products?v=1.0&cId=11&langId=5&countryId=11&locId=16016&customerId=0&imgSizeId=0&pIds=4016379
https://webshopb2b.bloomingville.com/Services/ProductService.asmx/Products?v=1.0&cId=11&langId=5&countryId=11&locId=16016&customerId=0&imgSizeId=0&pIds=4016380
https://webshopb2b.bloomingville.com/Services/ProductService.asmx/Products?v=1.0&cId=11&langId=5&countryId=11&locId=16016&customerId=0&imgSizeId=0&pIds=6125680
https://webshopb2b.bloomingville.com/Services/ProductService.asmx/Products?v=1.0&cId=11&langId=5&countryId=11&locId=16016&customerId=0&imgSizeId=0&pIds=5255150
https://webshopb2b.bloomingville.com/Services/ProductService.asmx/Products?v=1.0&cId=11&langId=5&countryId=11&locId=16016&customerId=0&imgSizeId=0&pIds=5659928
https://webshopb2b.bloomingville.com/Services/ProductService.asmx/Products?v=1.0&cId=11&langId=5&countryId=11&locId=16016&customerId=0&imgSizeId=0&pIds=5659963
https://webshopb2b.bloomingville.com/Services/ProductService.asmx/Products?v=1.0&cId=11&langId=5&countryId=11&locId=16016&customerId=0&imgSizeId=0&pIds=5659965
https://webshopb2b.bloomingville.com/Services/ProductService.asmx/Products?v=1.0&cId=11&langId=5&countryId=11&locId=16016&customerId=0&imgSizeId=0&pIds=6275774
https://webshopb2b.bloomingville.com/Services/ProductService.asmx/Products?v=1.0&cId=11&langId=5&countryId=11&locId=16016&customerId=0&imgSizeId=0&pIds=6967028
https://webshopb2b.bloomingville.com/Services/ProductService.asmx/Products?v=1.0&cId=11&langId=5&countryId=11&locId=16016&customerId=0&imgSizeId=0&pIds=6967029
https://webshopb2b.bloomingville.com/Services/ProductService.asmx/Products?v=1.0&cId=11&langId=5&countryId=11&locId=16016&customerId=0&imgSizeId=0&pIds=6967030
https://webshopb2b.bloomingville.com/Services/ProductService.asmx/Products?v=1.0&cId=11&langId=5&countryId=11&locId=16016&customerId=0&imgSizeId=0&pIds=6967032
https://webshopb2b.bloomingville.com/Services/ProductService.asmx/Products?v=1.0&cId=11&langId=5&countryId=11&locId=16016&customerId=0&imgSizeId=0&pIds=6967090
https://webshopb2b.bloomingville.com/Services/ProductService.asmx/Products?v=1.0&cId=11&langId=5&countryId=11&locId=16016&customerId=0&imgSizeId=0&pIds=6967124
https://webshopb2b.bloomingville.com/Services/ProductService.asmx/Products?v=1.0&cId=11&langId=5&countryId=11&locId=16016&customerId=0&imgSizeId=0&pIds=6967129
https://webshopb2b.bloomingville.com/Services/ProductService.asmx/Products?v=1.0&cId=11&langId=5&countryId=11&locId=16016&customerId=0&imgSizeId=0&pIds=6967390
https://webshopb2b.bloomingville.com/Services/ProductService.asmx/Products?v=1.0&cId=11&langId=5&countryId=11&locId=16016&customerId=0&imgSizeId=0&pIds=6967393

https://webshopb2b.bloomingville.com/Services/ProductService.asmx/Products?v=1.0&cId=11&langId=5&countryId=11&locId=16016&customerId=0&imgSizeId=0&pIds=6125746
https://webshopb2b.bloomingville.com/Services/ProductService.asmx/Products?v=1.0&cId=11&langId=5&countryId=11&locId=16016&customerId=0&imgSizeId=0&pIds=6125747
https://webshopb2b.bloomingville.com/Services/ProductService.asmx/Products?v=1.0&cId=11&langId=5&countryId=11&locId=16016&customerId=0&imgSizeId=0&pIds=6125777
https://webshopb2b.bloomingville.com/Services/ProductService.asmx/Products?v=1.0&cId=11&langId=5&countryId=11&locId=16016&customerId=0&imgSizeId=0&pIds=6125778
https://webshopb2b.bloomingville.com/Services/ProductService.asmx/Products?v=1.0&cId=11&langId=5&countryId=11&locId=16016&customerId=0&imgSizeId=0&pIds=6125779
https://webshopb2b.bloomingville.com/Services/ProductService.asmx/Products?v=1.0&cId=11&langId=5&countryId=11&locId=16016&customerId=0&imgSizeId=0&pIds=5254578
https://webshopb2b.bloomingville.com/Services/ProductService.asmx/Products?v=1.0&cId=11&langId=5&countryId=11&locId=16016&customerId=0&imgSizeId=0&pIds=5254792
https://webshopb2b.bloomingville.com/Services/ProductService.asmx/Products?v=1.0&cId=11&langId=5&countryId=11&locId=16016&customerId=0&imgSizeId=0&pIds=5254793
https://webshopb2b.bloomingville.com/Services/ProductService.asmx/Products?v=1.0&cId=11&langId=5&countryId=11&locId=16016&customerId=0&imgSizeId=0&pIds=5254795
https://webshopb2b.bloomingville.com/Services/ProductService.asmx/Products?v=1.0&cId=11&langId=5&countryId=11&locId=16016&customerId=0&imgSizeId=0&pIds=3821698
https://webshopb2b.bloomingville.com/Services/ProductService.asmx/Products?v=1.0&cId=11&langId=5&countryId=11&locId=16016&customerId=0&imgSizeId=0&pIds=3821699
https://webshopb2b.bloomingville.com/Services/ProductService.asmx/Products?v=1.0&cId=11&langId=5&countryId=11&locId=16016&customerId=0&imgSizeId=0&pIds=2212570
https://webshopb2b.bloomingville.com/Services/ProductService.asmx/Products?v=1.0&cId=11&langId=5&countryId=11&locId=16016&customerId=0&imgSizeId=0&pIds=2342143
https://webshopb2b.bloomingville.com/Services/ProductService.asmx/Products?v=1.0&cId=11&langId=5&countryId=11&locId=16016&customerId=0&imgSizeId=0&pIds=2342144
https://webshopb2b.bloomingville.com/Services/ProductService.asmx/Products?v=1.0&cId=11&langId=5&countryId=11&locId=16016&customerId=0&imgSizeId=0&pIds=6125423
https://webshopb2b.bloomingville.com/Services/ProductService.asmx/Products?v=1.0&cId=11&langId=5&countryId=11&locId=16016&customerId=0&imgSizeId=0&pIds=6125451
https://webshopb2b.bloomingville.com/Services/ProductService.asmx/Products?v=1.0&cId=11&langId=5&countryId=11&locId=16016&customerId=0&imgSizeId=0&pIds=5254766
https://webshopb2b.bloomingville.com/Services/ProductService.asmx/Products?v=1.0&cId=11&langId=5&countryId=11&locId=16016&customerId=0&imgSizeId=0&pIds=5255120
https://webshopb2b.bloomingville.com/Services/ProductService.asmx/Products?v=1.0&cId=11&langId=5&countryId=11&locId=16016&customerId=0&imgSizeId=0&pIds=5255121
https://webshopb2b.bloomingville.com/Services/ProductService.asmx/Products?v=1.0&cId=11&langId=5&countryId=11&locId=16016&customerId=0&imgSizeId=0&pIds=4016220
https://webshopb2b.bloomingville.com/Services/ProductService.asmx/Products?v=1.0&cId=11&langId=5&countryId=11&locId=16016&customerId=0&imgSizeId=0&pIds=4016368
https://webshopb2b.bloomingville.com/Services/ProductService.asmx/Products?v=1.0&cId=11&langId=5&countryId=11&locId=16016&customerId=0&imgSizeId=0&pIds=4016374
https://webshopb2b.bloomingville.com/Services/ProductService.asmx/Products?v=1.0&cId=11&langId=5&countryId=11&locId=16016&customerId=0&imgSizeId=0&pIds=4016376
https://webshopb2b.bloomingville.com/Services/ProductService.asmx/Products?v=1.0&cId=11&langId=5&countryId=11&locId=16016&customerId=0&imgSizeId=0&pIds=4016378
https://webshopb2b.bloomingville.com/Services/ProductService.asmx/Products?v=1.0&cId=11&langId=5&countryId=11&locId=16016&customerId=0&imgSizeId=0&pIds=4016379
https://webshopb2b.bloomingville.com/Services/ProductService.asmx/Products?v=1.0&cId=11&langId=5&countryId=11&locId=16016&customerId=0&imgSizeId=0&pIds=4016380
https://webshopb2b.bloomingville.com/Services/ProductService.asmx/Products?v=1.0&cId=11&langId=5&countryId=11&locId=16016&customerId=0&imgSizeId=0&pIds=4016512
https://webshopb2b.bloomingville.com/Services/ProductService.asmx/Products?v=1.0&cId=11&langId=5&countryId=11&locId=16016&customerId=0&imgSizeId=0&pIds=2209919
https://webshopb2b.bloomingville.com/Services/ProductService.asmx/Products?v=1.0&cId=11&langId=5&countryId=11&locId=16016&customerId=0&imgSizeId=0&pIds=2209920
https://webshopb2b.bloomingville.com/Services/ProductService.asmx/Products?v=1.0&cId=11&langId=5&countryId=11&locId=16016&customerId=0&imgSizeId=0&pIds=2209921
https://webshopb2b.bloomingville.com/Services/ProductService.asmx/Products?v=1.0&cId=11&langId=5&countryId=11&locId=16016&customerId=0&imgSizeId=0&pIds=2369021
https://webshopb2b.bloomingville.com/Services/ProductService.asmx/Products?v=1.0&cId=11&langId=5&countryId=11&locId=16016&customerId=0&imgSizeId=0&pIds=2342096
https://webshopb2b.bloomingville.com/Services/ProductService.asmx/Products?v=1.0&cId=11&langId=5&countryId=11&locId=16016&customerId=0&imgSizeId=0&pIds=2210191
https://webshopb2b.bloomingville.com/Services/ProductService.asmx/Products?v=1.0&cId=11&langId=5&countryId=11&locId=16016&customerId=0&imgSizeId=0&pIds=3628455
https://webshopb2b.bloomingville.com/Services/ProductService.asmx/Products?v=1.0&cId=11&langId=5&countryId=11&locId=16016&customerId=0&imgSizeId=0&pIds=3628459
https://webshopb2b.bloomingville.com/Services/ProductService.asmx/Products?v=1.0&cId=11&langId=5&countryId=11&locId=16016&customerId=0&imgSizeId=0&pIds=3628492
https://webshopb2b.bloomingville.com/Services/ProductService.asmx/Products?v=1.0&cId=11&langId=5&countryId=11&locId=16016&customerId=0&imgSizeId=0&pIds=3628493
https://webshopb2b.bloomingville.com/Services/ProductService.asmx/Products?v=1.0&cId=11&langId=5&countryId=11&locId=16016&customerId=0&imgSizeId=0&pIds=2369036
https://webshopb2b.bloomingville.com/Services/ProductService.asmx/Products?v=1.0&cId=11&langId=5&countryId=11&locId=16016&customerId=0&imgSizeId=0&pIds=2369039
https://webshopb2b.bloomingville.com/Services/ProductService.asmx/Products?v=1.0&cId=11&langId=5&countryId=11&locId=16016&customerId=0&imgSizeId=0&pIds=2369040
https://webshopb2b.bloomingville.com/Services/ProductService.asmx/Products?v=1.0&cId=11&langId=5&countryId=11&locId=16016&customerId=0&imgSizeId=0&pIds=2369044
https://webshopb2b.bloomingville.com/Services/ProductService.asmx/Products?v=1.0&cId=11&langId=5&countryId=11&locId=16016&customerId=0&imgSizeId=0&pIds=2381551
https://webshopb2b.bloomingville.com/Services/ProductService.asmx/Products?v=1.0&cId=11&langId=5&countryId=11&locId=16016&customerId=0&imgSizeId=0&pIds=2381552
https://webshopb2b.bloomingville.com/Services/ProductService.asmx/Products?v=1.0&cId=11&langId=5&countryId=11&locId=16016&customerId=0&imgSizeId=0&pIds=2381554
https://webshopb2b.bloomingville.com/Services/ProductService.asmx/Products?v=1.0&cId=11&langId=5&countryId=11&locId=16016&customerId=0&imgSizeId=0&pIds=2381555
https://webshopb2b.bloomingville.com/Services/ProductService.asmx/Products?v=1.0&cId=11&langId=5&countryId=11&locId=16016&customerId=0&imgSizeId=0&pIds=2369055
https://webshopb2b.bloomingville.com/Services/ProductService.asmx/Products?v=1.0&cId=11&langId=5&countryId=11&locId=16016&customerId=0&imgSizeId=0&pIds=2381618
https://webshopb2b.bloomingville.com/Services/ProductService.asmx/Products?v=1.0&cId=11&langId=5&countryId=11&locId=16016&customerId=0&imgSizeId=0&pIds=3628552
https://webshopb2b.bloomingville.com/Services/ProductService.asmx/Products?v=1.0&cId=11&langId=5&countryId=11&locId=16016&customerId=0&imgSizeId=0&pIds=2342143
https://webshopb2b.bloomingville.com/Services/ProductService.asmx/Products?v=1.0&cId=11&langId=5&countryId=11&locId=16016&customerId=0&imgSizeId=0&pIds=2342144
https://webshopb2b.bloomingville.com/Services/ProductService.asmx/Products?v=1.0&cId=11&langId=5&countryId=11&locId=16016&customerId=0&imgSizeId=0&pIds=6275764

https://webshopb2b.bloomingville.com/Services/ProductService.asmx/Products?v=1.0&cId=11&langId=5&countryId=11&locId=16016&customerId=0&imgSizeId=0&pIds=6967011
https://webshopb2b.bloomingville.com/Services/ProductService.asmx/Products?v=1.0&cId=11&langId=5&countryId=11&locId=16016&customerId=0&imgSizeId=0&pIds=6967012
https://webshopb2b.bloomingville.com/Services/ProductService.asmx/Products?v=1.0&cId=11&langId=5&countryId=11&locId=16016&customerId=0&imgSizeId=0&pIds=6967042
https://webshopb2b.bloomingville.com/Services/ProductService.asmx/Products?v=1.0&cId=11&langId=5&countryId=11&locId=16016&customerId=0&imgSizeId=0&pIds=6967045
https://webshopb2b.bloomingville.com/Services/ProductService.asmx/Products?v=1.0&cId=11&langId=5&countryId=11&locId=16016&customerId=0&imgSizeId=0&pIds=6967046
https://webshopb2b.bloomingville.com/Services/ProductService.asmx/Products?v=1.0&cId=11&langId=5&countryId=11&locId=16016&customerId=0&imgSizeId=0&pIds=6967100
https://webshopb2b.bloomingville.com/Services/ProductService.asmx/Products?v=1.0&cId=11&langId=5&countryId=11&locId=16016&customerId=0&imgSizeId=0&pIds=6967104
https://webshopb2b.bloomingville.com/Services/ProductService.asmx/Products?v=1.0&cId=11&langId=5&countryId=11&locId=16016&customerId=0&imgSizeId=0&pIds=6967117
https://webshopb2b.bloomingville.com/Services/ProductService.asmx/Products?v=1.0&cId=11&langId=5&countryId=11&locId=16016&customerId=0&imgSizeId=0&pIds=6967118
https://webshopb2b.bloomingville.com/Services/ProductService.asmx/Products?v=1.0&cId=11&langId=5&countryId=11&locId=16016&customerId=0&imgSizeId=0&pIds=6967121
https://webshopb2b.bloomingville.com/Services/ProductService.asmx/Products?v=1.0&cId=11&langId=5&countryId=11&locId=16016&customerId=0&imgSizeId=0&pIds=6967144
https://webshopb2b.bloomingville.com/Services/ProductService.asmx/Products?v=1.0&cId=11&langId=5&countryId=11&locId=16016&customerId=0&imgSizeId=0&pIds=6967146
https://webshopb2b.bloomingville.com/Services/ProductService.asmx/Products?v=1.0&cId=11&langId=5&countryId=11&locId=16016&customerId=0&imgSizeId=0&pIds=6967148
https://webshopb2b.bloomingville.com/Services/ProductService.asmx/Products?v=1.0&cId=11&langId=5&countryId=11&locId=16016&customerId=0&imgSizeId=0&pIds=6967149
https://webshopb2b.bloomingville.com/Services/ProductService.asmx/Products?v=1.0&cId=11&langId=5&countryId=11&locId=16016&customerId=0&imgSizeId=0&pIds=6967150
https://webshopb2b.bloomingville.com/Services/ProductService.asmx/Products?v=1.0&cId=11&langId=5&countryId=11&locId=16016&customerId=0&imgSizeId=0&pIds=6967170
https://webshopb2b.bloomingville.com/Services/ProductService.asmx/Products?v=1.0&cId=11&langId=5&countryId=11&locId=16016&customerId=0&imgSizeId=0&pIds=6967176
https://webshopb2b.bloomingville.com/Services/ProductService.asmx/Products?v=1.0&cId=11&langId=5&countryId=11&locId=16016&customerId=0&imgSizeId=0&pIds=6967178
https://webshopb2b.bloomingville.com/Services/ProductService.asmx/Products?v=1.0&cId=11&langId=5&countryId=11&locId=16016&customerId=0&imgSizeId=0&pIds=6967184
https://webshopb2b.bloomingville.com/Services/ProductService.asmx/Products?v=1.0&cId=11&langId=5&countryId=11&locId=16016&customerId=0&imgSizeId=0&pIds=6967203
https://webshopb2b.bloomingville.com/Services/ProductService.asmx/Products?v=1.0&cId=11&langId=5&countryId=11&locId=16016&customerId=0&imgSizeId=0&pIds=6967207
https://webshopb2b.bloomingville.com/Services/ProductService.asmx/Products?v=1.0&cId=11&langId=5&countryId=11&locId=16016&customerId=0&imgSizeId=0&pIds=6967212
https://webshopb2b.bloomingville.com/Services/ProductService.asmx/Products?v=1.0&cId=11&langId=5&countryId=11&locId=16016&customerId=0&imgSizeId=0&pIds=6967252
https://webshopb2b.bloomingville.com/Services/ProductService.asmx/Products?v=1.0&cId=11&langId=5&countryId=11&locId=16016&customerId=0&imgSizeId=0&pIds=6967254
https://webshopb2b.bloomingville.com/Services/ProductService.asmx/Products?v=1.0&cId=11&langId=5&countryId=11&locId=16016&customerId=0&imgSizeId=0&pIds=6967273
https://webshopb2b.bloomingville.com/Services/ProductService.asmx/Products?v=1.0&cId=11&langId=5&countryId=11&locId=16016&customerId=0&imgSizeId=0&pIds=6967283
https://webshopb2b.bloomingville.com/Services/ProductService.asmx/Products?v=1.0&cId=11&langId=5&countryId=11&locId=16016&customerId=0&imgSizeId=0&pIds=6967286
https://webshopb2b.bloomingville.com/Services/ProductService.asmx/Products?v=1.0&cId=11&langId=5&countryId=11&locId=16016&customerId=0&imgSizeId=0&pIds=6967322
https://webshopb2b.bloomingville.com/Services/ProductService.asmx/Products?v=1.0&cId=11&langId=5&countryId=11&locId=16016&customerId=0&imgSizeId=0&pIds=6967326
https://webshopb2b.bloomingville.com/Services/ProductService.asmx/Products?v=1.0&cId=11&langId=5&countryId=11&locId=16016&customerId=0&imgSizeId=0&pIds=6967340
https://webshopb2b.bloomingville.com/Services/ProductService.asmx/Products?v=1.0&cId=11&langId=5&countryId=11&locId=16016&customerId=0&imgSizeId=0&pIds=6967348
https://webshopb2b.bloomingville.com/Services/ProductService.asmx/Products?v=1.0&cId=11&langId=5&countryId=11&locId=16016&customerId=0&imgSizeId=0&pIds=6967358
https://webshopb2b.bloomingville.com/Services/ProductService.asmx/Products?v=1.0&cId=11&langId=5&countryId=11&locId=16016&customerId=0&imgSizeId=0&pIds=6967361
https://webshopb2b.bloomingville.com/Services/ProductService.asmx/Products?v=1.0&cId=11&langId=5&countryId=11&locId=16016&customerId=0&imgSizeId=0&pIds=6967369
https://webshopb2b.bloomingville.com/Services/ProductService.asmx/Products?v=1.0&cId=11&langId=5&countryId=11&locId=16016&customerId=0&imgSizeId=0&pIds=6967375
https://webshopb2b.bloomingville.com/Services/ProductService.asmx/Products?v=1.0&cId=11&langId=5&countryId=11&locId=16016&customerId=0&imgSizeId=0&pIds=6967376
https://webshopb2b.bloomingville.com/Services/ProductService.asmx/Products?v=1.0&cId=11&langId=5&countryId=11&locId=16016&customerId=0&imgSizeId=0&pIds=6967400
https://webshopb2b.bloomingville.com/Services/ProductService.asmx/Products?v=1.0&cId=11&langId=5&countryId=11&locId=16016&customerId=0&imgSizeId=0&pIds=6967506
https://webshopb2b.bloomingville.com/Services/ProductService.asmx/Products?v=1.0&cId=11&langId=5&countryId=11&locId=16016&customerId=0&imgSizeId=0&pIds=6967510
https://webshopb2b.bloomingville.com/Services/ProductService.asmx/Products?v=1.0&cId=11&langId=5&countryId=11&locId=16016&customerId=0&imgSizeId=0&pIds=6967511
https://webshopb2b.bloomingville.com/Services/ProductService.asmx/Products?v=1.0&cId=11&langId=5&countryId=11&locId=16016&customerId=0&imgSizeId=0&pIds=6967519
https://webshopb2b.bloomingville.com/Services/ProductService.asmx/Products?v=1.0&cId=11&langId=5&countryId=11&locId=16016&customerId=0&imgSizeId=0&pIds=6967521
https://webshopb2b.bloomingville.com/Services/ProductService.asmx/Products?v=1.0&cId=11&langId=5&countryId=11&locId=16016&customerId=0&imgSizeId=0&pIds=6125398
https://webshopb2b.bloomingville.com/Services/ProductService.asmx/Products?v=1.0&cId=11&langId=5&countryId=11&locId=16016&customerId=0&imgSizeId=0&pIds=6125485
https://webshopb2b.bloomingville.com/Services/ProductService.asmx/Products?v=1.0&cId=11&langId=5&countryId=11&locId=16016&customerId=0&imgSizeId=0&pIds=6125490
https://webshopb2b.bloomingville.com/Services/ProductService.asmx/Products?v=1.0&cId=11&langId=5&countryId=11&locId=16016&customerId=0&imgSizeId=0&pIds=6125502
https://webshopb2b.bloomingville.com/Services/ProductService.asmx/Products?v=1.0&cId=11&langId=5&countryId=11&locId=16016&customerId=0&imgSizeId=0&pIds=6125504
https://webshopb2b.bloomingville.com/Services/ProductService.asmx/Products?v=1.0&cId=11&langId=5&countryId=11&locId=16016&customerId=0&imgSizeId=0&pIds=6125505
https://webshopb2b.bloomingville.com/Services/ProductService.asmx/Products?v=1.0&cId=11&langId=5&countryId=11&locId=16016&customerId=0&imgSizeId=0&pIds=6125508
https://webshopb2b.bloomingville.com/Services/ProductService.asmx/Products?v=1.0&cId=11&langId=5&countryId=11&locId=16016&customerId=0&imgSizeId=0&pIds=6125522
https://webshopb2b.bloomingville.com/Services/ProductService.asmx/Products?v=1.0&cId=11&langId=5&countryId=11&locId=16016&customerId=0&imgSizeId=0&pIds=6125523
https://webshopb2b.bloomingville.com/Services/ProductService.asmx/Products?v=1.0&cId=11&langId=5&countryId=11&locId=16016&customerId=0&imgSizeId=0&pIds=6125558
https://webshopb2b.bloomingville.com/Services/ProductService.asmx/Products?v=1.0&cId=11&langId=5&countryId=11&locId=16016&customerId=0&imgSizeId=0&pIds=6125565
https://webshopb2b.bloomingville.com/Services/ProductService.asmx/Products?v=1.0&cId=11&langId=5&countryId=11&locId=16016&customerId=0&imgSizeId=0&pIds=6125623
https://webshopb2b.bloomingville.com/Services/ProductService.asmx/Products?v=1.0&cId=11&langId=5&countryId=11&locId=16016&customerId=0&imgSizeId=0&pIds=6125655
https://webshopb2b.bloomingville.com/Services/ProductService.asmx/Products?v=1.0&cId=11&langId=5&countryId=11&locId=16016&customerId=0&imgSizeId=0&pIds=6125690
https://webshopb2b.bloomingville.com/Services/ProductService.asmx/Products?v=1.0&cId=11&langId=5&countryId=11&locId=16016&customerId=0&imgSizeId=0&pIds=6125760
https://webshopb2b.bloomingville.com/Services/ProductService.asmx/Products?v=1.0&cId=11&langId=5&countryId=11&locId=16016&customerId=0&imgSizeId=0&pIds=6125767
https://webshopb2b.bloomingville.com/Services/ProductService.asmx/Products?v=1.0&cId=11&langId=5&countryId=11&locId=16016&customerId=0&imgSizeId=0&pIds=6125768
https://webshopb2b.bloomingville.com/Services/ProductService.asmx/Products?v=1.0&cId=11&langId=5&countryId=11&locId=16016&customerId=0&imgSizeId=0&pIds=6125941
https://webshopb2b.bloomingville.com/Services/ProductService.asmx/Products?v=1.0&cId=11&langId=5&countryId=11&locId=16016&customerId=0&imgSizeId=0&pIds=6125942
https://webshopb2b.bloomingville.com/Services/ProductService.asmx/Products?v=1.0&cId=11&langId=5&countryId=11&locId=16016&customerId=0&imgSizeId=0&pIds=5254336

https://webshopb2b.bloomingville.com/Services/ProductService.asmx/Products?v=1.0&cId=11&langId=5&countryId=11&locId=16016&customerId=0&imgSizeId=0&pIds=5254518
https://webshopb2b.bloomingville.com/Services/ProductService.asmx/Products?v=1.0&cId=11&langId=5&countryId=11&locId=16016&customerId=0&imgSizeId=0&pIds=5254521
https://webshopb2b.bloomingville.com/Services/ProductService.asmx/Products?v=1.0&cId=11&langId=5&countryId=11&locId=16016&customerId=0&imgSizeId=0&pIds=5254525
https://webshopb2b.bloomingville.com/Services/ProductService.asmx/Products?v=1.0&cId=11&langId=5&countryId=11&locId=16016&customerId=0&imgSizeId=0&pIds=5254529
https://webshopb2b.bloomingville.com/Services/ProductService.asmx/Products?v=1.0&cId=11&langId=5&countryId=11&locId=16016&customerId=0&imgSizeId=0&pIds=5254530
https://webshopb2b.bloomingville.com/Services/ProductService.asmx/Products?v=1.0&cId=11&langId=5&countryId=11&locId=16016&customerId=0&imgSizeId=0&pIds=5254534
https://webshopb2b.bloomingville.com/Services/ProductService.asmx/Products?v=1.0&cId=11&langId=5&countryId=11&locId=16016&customerId=0&imgSizeId=0&pIds=5254535
https://webshopb2b.bloomingville.com/Services/ProductService.asmx/Products?v=1.0&cId=11&langId=5&countryId=11&locId=16016&customerId=0&imgSizeId=0&pIds=5254542
https://webshopb2b.bloomingville.com/Services/ProductService.asmx/Products?v=1.0&cId=11&langId=5&countryId=11&locId=16016&customerId=0&imgSizeId=0&pIds=5254543
https://webshopb2b.bloomingville.com/Services/ProductService.asmx/Products?v=1.0&cId=11&langId=5&countryId=11&locId=16016&customerId=0&imgSizeId=0&pIds=5254544
https://webshopb2b.bloomingville.com/Services/ProductService.asmx/Products?v=1.0&cId=11&langId=5&countryId=11&locId=16016&customerId=0&imgSizeId=0&pIds=5254546
https://webshopb2b.bloomingville.com/Services/ProductService.asmx/Products?v=1.0&cId=11&langId=5&countryId=11&locId=16016&customerId=0&imgSizeId=0&pIds=5254547
https://webshopb2b.bloomingville.com/Services/ProductService.asmx/Products?v=1.0&cId=11&langId=5&countryId=11&locId=16016&customerId=0&imgSizeId=0&pIds=5254548
https://webshopb2b.bloomingville.com/Services/ProductService.asmx/Products?v=1.0&cId=11&langId=5&countryId=11&locId=16016&customerId=0&imgSizeId=0&pIds=5254563
https://webshopb2b.bloomingville.com/Services/ProductService.asmx/Products?v=1.0&cId=11&langId=5&countryId=11&locId=16016&customerId=0&imgSizeId=0&pIds=5254579
https://webshopb2b.bloomingville.com/Services/ProductService.asmx/Products?v=1.0&cId=11&langId=5&countryId=11&locId=16016&customerId=0&imgSizeId=0&pIds=5254582
https://webshopb2b.bloomingville.com/Services/ProductService.asmx/Products?v=1.0&cId=11&langId=5&countryId=11&locId=16016&customerId=0&imgSizeId=0&pIds=5254586
https://webshopb2b.bloomingville.com/Services/ProductService.asmx/Products?v=1.0&cId=11&langId=5&countryId=11&locId=16016&customerId=0&imgSizeId=0&pIds=5254784
https://webshopb2b.bloomingville.com/Services/ProductService.asmx/Products?v=1.0&cId=11&langId=5&countryId=11&locId=16016&customerId=0&imgSizeId=0&pIds=5254817
https://webshopb2b.bloomingville.com/Services/ProductService.asmx/Products?v=1.0&cId=11&langId=5&countryId=11&locId=16016&customerId=0&imgSizeId=0&pIds=5254818
https://webshopb2b.bloomingville.com/Services/ProductService.asmx/Products?v=1.0&cId=11&langId=5&countryId=11&locId=16016&customerId=0&imgSizeId=0&pIds=5254819
https://webshopb2b.bloomingville.com/Services/ProductService.asmx/Products?v=1.0&cId=11&langId=5&countryId=11&locId=16016&customerId=0&imgSizeId=0&pIds=5254820
https://webshopb2b.bloomingville.com/Services/ProductService.asmx/Products?v=1.0&cId=11&langId=5&countryId=11&locId=16016&customerId=0&imgSizeId=0&pIds=5254821
https://webshopb2b.bloomingville.com/Services/ProductService.asmx/Products?v=1.0&cId=11&langId=5&countryId=11&locId=16016&customerId=0&imgSizeId=0&pIds=5254822
https://webshopb2b.bloomingville.com/Services/ProductService.asmx/Products?v=1.0&cId=11&langId=5&countryId=11&locId=16016&customerId=0&imgSizeId=0&pIds=5254833

https://webshopb2b.bloomingville.com/Services/ProductService.asmx/Products?v=1.0&cId=11&langId=5&countryId=11&locId=16016&customerId=0&imgSizeId=0&pIds=5255149

https://webshopb2b.bloomingville.com/Services/ProductService.asmx/Products?v=1.0&cId=11&langId=5&countryId=11&locId=16016&customerId=0&imgSizeId=0&pIds=5255157
https://webshopb2b.bloomingville.com/Services/ProductService.asmx/Products?v=1.0&cId=11&langId=5&countryId=11&locId=16016&customerId=0&imgSizeId=0&pIds=5255158
https://webshopb2b.bloomingville.com/Services/ProductService.asmx/Products?v=1.0&cId=11&langId=5&countryId=11&locId=16016&customerId=0&imgSizeId=0&pIds=4967166
https://webshopb2b.bloomingville.com/Services/ProductService.asmx/Products?v=1.0&cId=11&langId=5&countryId=11&locId=16016&customerId=0&imgSizeId=0&pIds=4016270
https://webshopb2b.bloomingville.com/Services/ProductService.asmx/Products?v=1.0&cId=11&langId=5&countryId=11&locId=16016&customerId=0&imgSizeId=0&pIds=4016271
https://webshopb2b.bloomingville.com/Services/ProductService.asmx/Products?v=1.0&cId=11&langId=5&countryId=11&locId=16016&customerId=0&imgSizeId=0&pIds=4016272
https://webshopb2b.bloomingville.com/Services/ProductService.asmx/Products?v=1.0&cId=11&langId=5&countryId=11&locId=16016&customerId=0&imgSizeId=0&pIds=4016273
https://webshopb2b.bloomingville.com/Services/ProductService.asmx/Products?v=1.0&cId=11&langId=5&countryId=11&locId=16016&customerId=0&imgSizeId=0&pIds=4016274
https://webshopb2b.bloomingville.com/Services/ProductService.asmx/Products?v=1.0&cId=11&langId=5&countryId=11&locId=16016&customerId=0&imgSizeId=0&pIds=4016285
https://webshopb2b.bloomingville.com/Services/ProductService.asmx/Products?v=1.0&cId=11&langId=5&countryId=11&locId=16016&customerId=0&imgSizeId=0&pIds=4016287
https://webshopb2b.bloomingville.com/Services/ProductService.asmx/Products?v=1.0&cId=11&langId=5&countryId=11&locId=16016&customerId=0&imgSizeId=0&pIds=4016290
https://webshopb2b.bloomingville.com/Services/ProductService.asmx/Products?v=1.0&cId=11&langId=5&countryId=11&locId=16016&customerId=0&imgSizeId=0&pIds=4016291
https://webshopb2b.bloomingville.com/Services/ProductService.asmx/Products?v=1.0&cId=11&langId=5&countryId=11&locId=16016&customerId=0&imgSizeId=0&pIds=4016292
https://webshopb2b.bloomingville.com/Services/ProductService.asmx/Products?v=1.0&cId=11&langId=5&countryId=11&locId=16016&customerId=0&imgSizeId=0&pIds=4016330
https://webshopb2b.bloomingville.com/Services/ProductService.asmx/Products?v=1.0&cId=11&langId=5&countryId=11&locId=16016&customerId=0&imgSizeId=0&pIds=4016334
https://webshopb2b.bloomingville.com/Services/ProductService.asmx/Products?v=1.0&cId=11&langId=5&countryId=11&locId=16016&customerId=0&imgSizeId=0&pIds=4016412
https://webshopb2b.bloomingville.com/Services/ProductService.asmx/Products?v=1.0&cId=11&langId=5&countryId=11&locId=16016&customerId=0&imgSizeId=0&pIds=5815000
https://webshopb2b.bloomingville.com/Services/ProductService.asmx/Products?v=1.0&cId=11&langId=5&countryId=11&locId=16016&customerId=0&imgSizeId=0&pIds=5815002
https://webshopb2b.bloomingville.com/Services/ProductService.asmx/Products?v=1.0&cId=11&langId=5&countryId=11&locId=16016&customerId=0&imgSizeId=0&pIds=4016507
https://webshopb2b.bloomingville.com/Services/ProductService.asmx/Products?v=1.0&cId=11&langId=5&countryId=11&locId=16016&customerId=0&imgSizeId=0&pIds=4016545
https://webshopb2b.bloomingville.com/Services/ProductService.asmx/Products?v=1.0&cId=11&langId=5&countryId=11&locId=16016&customerId=0&imgSizeId=0&pIds=4016560
https://webshopb2b.bloomingville.com/Services/ProductService.asmx/Products?v=1.0&cId=11&langId=5&countryId=11&locId=16016&customerId=0&imgSizeId=0&pIds=4016568
https://webshopb2b.bloomingville.com/Services/ProductService.asmx/Products?v=1.0&cId=11&langId=5&countryId=11&locId=16016&customerId=0&imgSizeId=0&pIds=4101307
https://webshopb2b.bloomingville.com/Services/ProductService.asmx/Products?v=1.0&cId=11&langId=5&countryId=11&locId=16016&customerId=0&imgSizeId=0&pIds=2208931
https://webshopb2b.bloomingville.com/Services/ProductService.asmx/Products?v=1.0&cId=11&langId=5&countryId=11&locId=16016&customerId=0&imgSizeId=0&pIds=2658540
https://webshopb2b.bloomingville.com/Services/ProductService.asmx/Products?v=1.0&cId=11&langId=5&countryId=11&locId=16016&customerId=0&imgSizeId=0&pIds=2381341
https://webshopb2b.bloomingville.com/Services/ProductService.asmx/Products?v=1.0&cId=11&langId=5&countryId=11&locId=16016&customerId=0&imgSizeId=0&pIds=4101174
https://webshopb2b.bloomingville.com/Services/ProductService.asmx/Products?v=1.0&cId=11&langId=5&countryId=11&locId=16016&customerId=0&imgSizeId=0&pIds=4101175
https://webshopb2b.bloomingville.com/Services/ProductService.asmx/Products?v=1.0&cId=11&langId=5&countryId=11&locId=16016&customerId=0&imgSizeId=0&pIds=2381441
https://webshopb2b.bloomingville.com/Services/ProductService.asmx/Products?v=1.0&cId=11&langId=5&countryId=11&locId=16016&customerId=0&imgSizeId=0&pIds=2658757
https://webshopb2b.bloomingville.com/Services/ProductService.asmx/Products?v=1.0&cId=11&langId=5&countryId=11&locId=16016&customerId=0&imgSizeId=0&pIds=2700106
https://webshopb2b.bloomingville.com/Services/ProductService.asmx/Products?v=1.0&cId=11&langId=5&countryId=11&locId=16016&customerId=0&imgSizeId=0&pIds=2210841
https://webshopb2b.bloomingville.com/Services/ProductService.asmx/Products?v=1.0&cId=11&langId=5&countryId=11&locId=16016&customerId=0&imgSizeId=0&pIds=2658776
https://webshopb2b.bloomingville.com/Services/ProductService.asmx/Products?v=1.0&cId=11&langId=5&countryId=11&locId=16016&customerId=0&imgSizeId=0&pIds=3628452
https://webshopb2b.bloomingville.com/Services/ProductService.asmx/Products?v=1.0&cId=11&langId=5&countryId=11&locId=16016&customerId=0&imgSizeId=0&pIds=3628456
https://webshopb2b.bloomingville.com/Services/ProductService.asmx/Products?v=1.0&cId=11&langId=5&countryId=11&locId=16016&customerId=0&imgSizeId=0&pIds=3628458
https://webshopb2b.bloomingville.com/Services/ProductService.asmx/Products?v=1.0&cId=11&langId=5&countryId=11&locId=16016&customerId=0&imgSizeId=0&pIds=2658787
https://webshopb2b.bloomingville.com/Services/ProductService.asmx/Products?v=1.0&cId=11&langId=5&countryId=11&locId=16016&customerId=0&imgSizeId=0&pIds=2658803
https://webshopb2b.bloomingville.com/Services/ProductService.asmx/Products?v=1.0&cId=11&langId=5&countryId=11&locId=16016&customerId=0&imgSizeId=0&pIds=2658804
https://webshopb2b.bloomingville.com/Services/ProductService.asmx/Products?v=1.0&cId=11&langId=5&countryId=11&locId=16016&customerId=0&imgSizeId=0&pIds=3628481
https://webshopb2b.bloomingville.com/Services/ProductService.asmx/Products?v=1.0&cId=11&langId=5&countryId=11&locId=16016&customerId=0&imgSizeId=0&pIds=3628484
https://webshopb2b.bloomingville.com/Services/ProductService.asmx/Products?v=1.0&cId=11&langId=5&countryId=11&locId=16016&customerId=0&imgSizeId=0&pIds=3628510
https://webshopb2b.bloomingville.com/Services/ProductService.asmx/Products?v=1.0&cId=11&langId=5&countryId=11&locId=16016&customerId=0&imgSizeId=0&pIds=2658917
https://webshopb2b.bloomingville.com/Services/ProductService.asmx/Products?v=1.0&cId=11&langId=5&countryId=11&locId=16016&customerId=0&imgSizeId=0&pIds=2659001
https://webshopb2b.bloomingville.com/Services/ProductService.asmx/Products?v=1.0&cId=11&langId=5&countryId=11&locId=16016&customerId=0&imgSizeId=0&pIds=2659002
https://webshopb2b.bloomingville.com/Services/ProductService.asmx/Products?v=1.0&cId=11&langId=5&countryId=11&locId=16016&customerId=0&imgSizeId=0&pIds=2659004
https://webshopb2b.bloomingville.com/Services/ProductService.asmx/Products?v=1.0&cId=11&langId=5&countryId=11&locId=16016&customerId=0&imgSizeId=0&pIds=2659037
https://webshopb2b.bloomingville.com/Services/ProductService.asmx/Products?v=1.0&cId=11&langId=5&countryId=11&locId=16016&customerId=0&imgSizeId=0&pIds=2212323
https://webshopb2b.bloomingville.com/Services/ProductService.asmx/Products?v=1.0&cId=11&langId=5&countryId=11&locId=16016&customerId=0&imgSizeId=0&pIds=2659038
https://webshopb2b.bloomingville.com/Services/ProductService.asmx/Products?v=1.0&cId=11&langId=5&countryId=11&locId=16016&customerId=0&imgSizeId=0&pIds=2212330
https://webshopb2b.bloomingville.com/Services/ProductService.asmx/Products?v=1.0&cId=11&langId=5&countryId=11&locId=16016&customerId=0&imgSizeId=0&pIds=2212343
https://webshopb2b.bloomingville.com/Services/ProductService.asmx/Products?v=1.0&cId=11&langId=5&countryId=11&locId=16016&customerId=0&imgSizeId=0&pIds=2381785
https://webshopb2b.bloomingville.com/Services/ProductService.asmx/Products?v=1.0&cId=11&langId=5&countryId=11&locId=16016&customerId=0&imgSizeId=0&pIds=2381786
https://webshopb2b.bloomingville.com/Services/ProductService.asmx/Products?v=1.0&cId=11&langId=5&countryId=11&locId=16016&customerId=0&imgSizeId=0&pIds=2381788
https://webshopb2b.bloomingville.com/Services/ProductService.asmx/Products?v=1.0&cId=11&langId=5&countryId=11&locId=16016&customerId=0&imgSizeId=0&pIds=2659042
https://webshopb2b.bloomingville.com/Services/ProductService.asmx/Products?v=1.0&cId=11&langId=5&countryId=11&locId=16016&customerId=0&imgSizeId=0&pIds=2659043
https://webshopb2b.bloomingville.com/Services/ProductService.asmx/Products?v=1.0&cId=11&langId=5&countryId=11&locId=16016&customerId=0&imgSizeId=0&pIds=2659044
https://webshopb2b.bloomingville.com/Services/ProductService.asmx/Products?v=1.0&cId=11&langId=5&countryId=11&locId=16016&customerId=0&imgSizeId=0&pIds=2659045
https://webshopb2b.bloomingville.com/Services/ProductService.asmx/Products?v=1.0&cId=11&langId=5&countryId=11&locId=16016&customerId=0&imgSizeId=0&pIds=3628634
https://webshopb2b.bloomingville.com/Services/ProductService.asmx/Products?v=1.0&cId=11&langId=5&countryId=11&locId=16016&customerId=0&imgSizeId=0&pIds=3628635
https://webshopb2b.bloomingville.com/Services/ProductService.asmx/Products?v=1.0&cId=11&langId=5&countryId=11&locId=16016&customerId=0&imgSizeId=0&pIds=3628636
https://webshopb2b.bloomingville.com/Services/ProductService.asmx/Products?v=1.0&cId=11&langId=5&countryId=11&locId=16016&customerId=0&imgSizeId=0&pIds=2212366
https://webshopb2b.bloomingville.com/Services/ProductService.asmx/Products?v=1.0&cId=11&langId=5&countryId=11&locId=16016&customerId=0&imgSizeId=0&pIds=6012205
https://webshopb2b.bloomingville.com/Services/ProductService.asmx/Products?v=1.0&cId=11&langId=5&countryId=11&locId=16016&customerId=0&imgSizeId=0&pIds=2381811
https://webshopb2b.bloomingville.com/Services/ProductService.asmx/Products?v=1.0&cId=11&langId=5&countryId=11&locId=16016&customerId=0&imgSizeId=0&pIds=2659063
https://webshopb2b.bloomingville.com/Services/ProductService.asmx/Products?v=1.0&cId=11&langId=5&countryId=11&locId=16016&customerId=0&imgSizeId=0&pIds=2659065
https://webshopb2b.bloomingville.com/Services/ProductService.asmx/Products?v=1.0&cId=11&langId=5&countryId=11&locId=16016&customerId=0&imgSizeId=0&pIds=2659066
https://webshopb2b.bloomingville.com/Services/ProductService.asmx/Products?v=1.0&cId=11&langId=5&countryId=11&locId=16016&customerId=0&imgSizeId=0&pIds=3628687
https://webshopb2b.bloomingville.com/Services/ProductService.asmx/Products?v=1.0&cId=11&langId=5&countryId=11&locId=16016&customerId=0&imgSizeId=0&pIds=2659081
https://webshopb2b.bloomingville.com/Services/ProductService.asmx/Products?v=1.0&cId=11&langId=5&countryId=11&locId=16016&customerId=0&imgSizeId=0&pIds=3628701
https://webshopb2b.bloomingville.com/Services/ProductService.asmx/Products?v=1.0&cId=11&langId=5&countryId=11&locId=16016&customerId=0&imgSizeId=0&pIds=2659097
https://webshopb2b.bloomingville.com/Services/ProductService.asmx/Products?v=1.0&cId=11&langId=5&countryId=11&locId=16016&customerId=0&imgSizeId=0&pIds=2659202
https://webshopb2b.bloomingville.com/Services/ProductService.asmx/Products?v=1.0&cId=11&langId=5&countryId=11&locId=16016&customerId=0&imgSizeId=0&pIds=2659203
https://webshopb2b.bloomingville.com/Services/ProductService.asmx/Products?v=1.0&cId=11&langId=5&countryId=11&locId=16016&customerId=0&imgSizeId=0&pIds=6275748
https://webshopb2b.bloomingville.com/Services/ProductService.asmx/Products?v=1.0&cId=11&langId=5&countryId=11&locId=16016&customerId=0&imgSizeId=0&pIds=6275749
https://webshopb2b.bloomingville.com/Services/ProductService.asmx/Products?v=1.0&cId=11&langId=5&countryId=11&locId=16016&customerId=0&imgSizeId=0&pIds=6967024
https://webshopb2b.bloomingville.com/Services/ProductService.asmx/Products?v=1.0&cId=11&langId=5&countryId=11&locId=16016&customerId=0&imgSizeId=0&pIds=6967025
https://webshopb2b.bloomingville.com/Services/ProductService.asmx/Products?v=1.0&cId=11&langId=5&countryId=11&locId=16016&customerId=0&imgSizeId=0&pIds=6967058
https://webshopb2b.bloomingville.com/Services/ProductService.asmx/Products?v=1.0&cId=11&langId=5&countryId=11&locId=16016&customerId=0&imgSizeId=0&pIds=6967089
https://webshopb2b.bloomingville.com/Services/ProductService.asmx/Products?v=1.0&cId=11&langId=5&countryId=11&locId=16016&customerId=0&imgSizeId=0&pIds=6967101
https://webshopb2b.bloomingville.com/Services/ProductService.asmx/Products?v=1.0&cId=11&langId=5&countryId=11&locId=16016&customerId=0&imgSizeId=0&pIds=6967175
https://webshopb2b.bloomingville.com/Services/ProductService.asmx/Products?v=1.0&cId=11&langId=5&countryId=11&locId=16016&customerId=0&imgSizeId=0&pIds=6967362
https://webshopb2b.bloomingville.com/Services/ProductService.asmx/Products?v=1.0&cId=11&langId=5&countryId=11&locId=16016&customerId=0&imgSizeId=0&pIds=6967395
https://webshopb2b.bloomingville.com/Services/ProductService.asmx/Products?v=1.0&cId=11&langId=5&countryId=11&locId=16016&customerId=0&imgSizeId=0&pIds=6967396
https://webshopb2b.bloomingville.com/Services/ProductService.asmx/Products?v=1.0&cId=11&langId=5&countryId=11&locId=16016&customerId=0&imgSizeId=0&pIds=6967469
https://webshopb2b.bloomingville.com/Services/ProductService.asmx/Products?v=1.0&cId=11&langId=5&countryId=11&locId=16016&customerId=0&imgSizeId=0&pIds=6967559
https://webshopb2b.bloomingville.com/Services/ProductService.asmx/Products?v=1.0&cId=11&langId=5&countryId=11&locId=16016&customerId=0&imgSizeId=0&pIds=6967568
https://webshopb2b.bloomingville.com/Services/ProductService.asmx/Products?v=1.0&cId=11&langId=5&countryId=11&locId=16016&customerId=0&imgSizeId=0&pIds=6102450
https://webshopb2b.bloomingville.com/Services/ProductService.asmx/Products?v=1.0&cId=11&langId=5&countryId=11&locId=16016&customerId=0&imgSizeId=0&pIds=6125381
https://webshopb2b.bloomingville.com/Services/ProductService.asmx/Products?v=1.0&cId=11&langId=5&countryId=11&locId=16016&customerId=0&imgSizeId=0&pIds=6125433
https://webshopb2b.bloomingville.com/Services/ProductService.asmx/Products?v=1.0&cId=11&langId=5&countryId=11&locId=16016&customerId=0&imgSizeId=0&pIds=6125434
https://webshopb2b.bloomingville.com/Services/ProductService.asmx/Products?v=1.0&cId=11&langId=5&countryId=11&locId=16016&customerId=0&imgSizeId=0&pIds=6125491
https://webshopb2b.bloomingville.com/Services/ProductService.asmx/Products?v=1.0&cId=11&langId=5&countryId=11&locId=16016&customerId=0&imgSizeId=0&pIds=6125546
https://webshopb2b.bloomingville.com/Services/ProductService.asmx/Products?v=1.0&cId=11&langId=5&countryId=11&locId=16016&customerId=0&imgSizeId=0&pIds=6125547
https://webshopb2b.bloomingville.com/Services/ProductService.asmx/Products?v=1.0&cId=11&langId=5&countryId=11&locId=16016&customerId=0&imgSizeId=0&pIds=6125550
https://webshopb2b.bloomingville.com/Services/ProductService.asmx/Products?v=1.0&cId=11&langId=5&countryId=11&locId=16016&customerId=0&imgSizeId=0&pIds=6125730
https://webshopb2b.bloomingville.com/Services/ProductService.asmx/Products?v=1.0&cId=11&langId=5&countryId=11&locId=16016&customerId=0&imgSizeId=0&pIds=5254789
https://webshopb2b.bloomingville.com/Services/ProductService.asmx/Products?v=1.0&cId=11&langId=5&countryId=11&locId=16016&customerId=0&imgSizeId=0&pIds=5255076
https://webshopb2b.bloomingville.com/Services/ProductService.asmx/Products?v=1.0&cId=11&langId=5&countryId=11&locId=16016&customerId=0&imgSizeId=0&pIds=5255096
https://webshopb2b.bloomingville.com/Services/ProductService.asmx/Products?v=1.0&cId=11&langId=5&countryId=11&locId=16016&customerId=0&imgSizeId=0&pIds=5255098
https://webshopb2b.bloomingville.com/Services/ProductService.asmx/Products?v=1.0&cId=11&langId=5&countryId=11&locId=16016&customerId=0&imgSizeId=0&pIds=5255114
https://webshopb2b.bloomingville.com/Services/ProductService.asmx/Products?v=1.0&cId=11&langId=5&countryId=11&locId=16016&customerId=0&imgSizeId=0&pIds=5255115
https://webshopb2b.bloomingville.com/Services/ProductService.asmx/Products?v=1.0&cId=11&langId=5&countryId=11&locId=16016&customerId=0&imgSizeId=0&pIds=5255116
https://webshopb2b.bloomingville.com/Services/ProductService.asmx/Products?v=1.0&cId=11&langId=5&countryId=11&locId=16016&customerId=0&imgSizeId=0&pIds=5255117
https://webshopb2b.bloomingville.com/Services/ProductService.asmx/Products?v=1.0&cId=11&langId=5&countryId=11&locId=16016&customerId=0&imgSizeId=0&pIds=5255118
https://webshopb2b.bloomingville.com/Services/ProductService.asmx/Products?v=1.0&cId=11&langId=5&countryId=11&locId=16016&customerId=0&imgSizeId=0&pIds=5255119
https://webshopb2b.bloomingville.com/Services/ProductService.asmx/Products?v=1.0&cId=11&langId=5&countryId=11&locId=16016&customerId=0&imgSizeId=0&pIds=5255151
https://webshopb2b.bloomingville.com/Services/ProductService.asmx/Products?v=1.0&cId=11&langId=5&countryId=11&locId=16016&customerId=0&imgSizeId=0&pIds=4016081
https://webshopb2b.bloomingville.com/Services/ProductService.asmx/Products?v=1.0&cId=11&langId=5&countryId=11&locId=16016&customerId=0&imgSizeId=0&pIds=4016084
https://webshopb2b.bloomingville.com/Services/ProductService.asmx/Products?v=1.0&cId=11&langId=5&countryId=11&locId=16016&customerId=0&imgSizeId=0&pIds=2211139
https://webshopb2b.bloomingville.com/Services/ProductService.asmx/Products?v=1.0&cId=11&langId=5&countryId=11&locId=16016&customerId=0&imgSizeId=0&pIds=4016339
https://webshopb2b.bloomingville.com/Services/ProductService.asmx/Products?v=1.0&cId=11&langId=5&countryId=11&locId=16016&customerId=0&imgSizeId=0&pIds=4016341
https://webshopb2b.bloomingville.com/Services/ProductService.asmx/Products?v=1.0&cId=11&langId=5&countryId=11&locId=16016&customerId=0&imgSizeId=0&pIds=4016508
https://webshopb2b.bloomingville.com/Services/ProductService.asmx/Products?v=1.0&cId=11&langId=5&countryId=11&locId=16016&customerId=0&imgSizeId=0&pIds=4101126
https://webshopb2b.bloomingville.com/Services/ProductService.asmx/Products?v=1.0&cId=11&langId=5&countryId=11&locId=16016&customerId=0&imgSizeId=0&pIds=2208948
https://webshopb2b.bloomingville.com/Services/ProductService.asmx/Products?v=1.0&cId=11&langId=5&countryId=11&locId=16016&customerId=0&imgSizeId=0&pIds=2208949
https://webshopb2b.bloomingville.com/Services/ProductService.asmx/Products?v=1.0&cId=11&langId=5&countryId=11&locId=16016&customerId=0&imgSizeId=0&pIds=2658633
https://webshopb2b.bloomingville.com/Services/ProductService.asmx/Products?v=1.0&cId=11&langId=5&countryId=11&locId=16016&customerId=0&imgSizeId=0&pIds=2700205
https://webshopb2b.bloomingville.com/Services/ProductService.asmx/Products?v=1.0&cId=11&langId=5&countryId=11&locId=16016&customerId=0&imgSizeId=0&pIds=2658634
https://webshopb2b.bloomingville.com/Services/ProductService.asmx/Products?v=1.0&cId=11&langId=5&countryId=11&locId=16016&customerId=0&imgSizeId=0&pIds=2752680
https://webshopb2b.bloomingville.com/Services/ProductService.asmx/Products?v=1.0&cId=11&langId=5&countryId=11&locId=16016&customerId=0&imgSizeId=0&pIds=2752681
https://webshopb2b.bloomingville.com/Services/ProductService.asmx/Products?v=1.0&cId=11&langId=5&countryId=11&locId=16016&customerId=0&imgSizeId=0&pIds=2752682
https://webshopb2b.bloomingville.com/Services/ProductService.asmx/Products?v=1.0&cId=11&langId=5&countryId=11&locId=16016&customerId=0&imgSizeId=0&pIds=3628494
https://webshopb2b.bloomingville.com/Services/ProductService.asmx/Products?v=1.0&cId=11&langId=5&countryId=11&locId=16016&customerId=0&imgSizeId=0&pIds=2211404
https://webshopb2b.bloomingville.com/Services/ProductService.asmx/Products?v=1.0&cId=11&langId=5&countryId=11&locId=16016&customerId=0&imgSizeId=0&pIds=2212415
https://webshopb2b.bloomingville.com/Services/ProductService.asmx/Products?v=1.0&cId=11&langId=5&countryId=11&locId=16016&customerId=0&imgSizeId=0&pIds=2212418

https://webshopb2b.bloomingville.com/Services/ProductService.asmx/Products?v=1.0&cId=11&langId=5&countryId=11&locId=16016&customerId=0&imgSizeId=0&pIds=2369062
https://webshopb2b.bloomingville.com/Services/ProductService.asmx/Products?v=1.0&cId=11&langId=5&countryId=11&locId=16016&customerId=0&imgSizeId=0&pIds=2369065
https://webshopb2b.bloomingville.com/Services/ProductService.asmx/Products?v=1.0&cId=11&langId=5&countryId=11&locId=16016&customerId=0&imgSizeId=0&pIds=2369069
https://webshopb2b.bloomingville.com/Services/ProductService.asmx/Products?v=1.0&cId=11&langId=5&countryId=11&locId=16016&customerId=0&imgSizeId=0&pIds=2369072
https://webshopb2b.bloomingville.com/Services/ProductService.asmx/Products?v=1.0&cId=11&langId=5&countryId=11&locId=16016&customerId=0&imgSizeId=0&pIds=2659050
https://webshopb2b.bloomingville.com/Services/ProductService.asmx/Products?v=1.0&cId=11&langId=5&countryId=11&locId=16016&customerId=0&imgSizeId=0&pIds=2659051
https://webshopb2b.bloomingville.com/Services/ProductService.asmx/Products?v=1.0&cId=11&langId=5&countryId=11&locId=16016&customerId=0&imgSizeId=0&pIds=2659052
https://webshopb2b.bloomingville.com/Services/ProductService.asmx/Products?v=1.0&cId=11&langId=5&countryId=11&locId=16016&customerId=0&imgSizeId=0&pIds=2659053
https://webshopb2b.bloomingville.com/Services/ProductService.asmx/Products?v=1.0&cId=11&langId=5&countryId=11&locId=16016&customerId=0&imgSizeId=0&pIds=2369077
https://webshopb2b.bloomingville.com/Services/ProductService.asmx/Products?v=1.0&cId=11&langId=5&countryId=11&locId=16016&customerId=0&imgSizeId=0&pIds=2659054
https://webshopb2b.bloomingville.com/Services/ProductService.asmx/Products?v=1.0&cId=11&langId=5&countryId=11&locId=16016&customerId=0&imgSizeId=0&pIds=2659055
https://webshopb2b.bloomingville.com/Services/ProductService.asmx/Products?v=1.0&cId=11&langId=5&countryId=11&locId=16016&customerId=0&imgSizeId=0&pIds=2659056
https://webshopb2b.bloomingville.com/Services/ProductService.asmx/Products?v=1.0&cId=11&langId=5&countryId=11&locId=16016&customerId=0&imgSizeId=0&pIds=2659057
https://webshopb2b.bloomingville.com/Services/ProductService.asmx/Products?v=1.0&cId=11&langId=5&countryId=11&locId=16016&customerId=0&imgSizeId=0&pIds=2659058
https://webshopb2b.bloomingville.com/Services/ProductService.asmx/Products?v=1.0&cId=11&langId=5&countryId=11&locId=16016&customerId=0&imgSizeId=0&pIds=3628637
https://webshopb2b.bloomingville.com/Services/ProductService.asmx/Products?v=1.0&cId=11&langId=5&countryId=11&locId=16016&customerId=0&imgSizeId=0&pIds=2369082
https://webshopb2b.bloomingville.com/Services/ProductService.asmx/Products?v=1.0&cId=11&langId=5&countryId=11&locId=16016&customerId=0&imgSizeId=0&pIds=2212641
https://webshopb2b.bloomingville.com/Services/ProductService.asmx/Products?v=1.0&cId=11&langId=5&countryId=11&locId=16016&customerId=0&imgSizeId=0&pIds=6125442
https://webshopb2b.bloomingville.com/Services/ProductService.asmx/Products?v=1.0&cId=11&langId=5&countryId=11&locId=16016&customerId=0&imgSizeId=0&pIds=6125606
https://webshopb2b.bloomingville.com/Services/ProductService.asmx/Products?v=1.0&cId=11&langId=5&countryId=11&locId=16016&customerId=0&imgSizeId=0&pIds=6125608
https://webshopb2b.bloomingville.com/Services/ProductService.asmx/Products?v=1.0&cId=11&langId=5&countryId=11&locId=16016&customerId=0&imgSizeId=0&pIds=6125613

https://webshopb2b.bloomingville.com/Services/ProductService.asmx/Products?v=1.0&cId=11&langId=5&countryId=11&locId=16016&customerId=0&imgSizeId=0&pIds=6125643
https://webshopb2b.bloomingville.com/Services/ProductService.asmx/Products?v=1.0&cId=11&langId=5&countryId=11&locId=16016&customerId=0&imgSizeId=0&pIds=6125644
https://webshopb2b.bloomingville.com/Services/ProductService.asmx/Products?v=1.0&cId=11&langId=5&countryId=11&locId=16016&customerId=0&imgSizeId=0&pIds=6125708
https://webshopb2b.bloomingville.com/Services/ProductService.asmx/Products?v=1.0&cId=11&langId=5&countryId=11&locId=16016&customerId=0&imgSizeId=0&pIds=6125790
https://webshopb2b.bloomingville.com/Services/ProductService.asmx/Products?v=1.0&cId=11&langId=5&countryId=11&locId=16016&customerId=0&imgSizeId=0&pIds=5255078
https://webshopb2b.bloomingville.com/Services/ProductService.asmx/Products?v=1.0&cId=11&langId=5&countryId=11&locId=16016&customerId=0&imgSizeId=0&pIds=5255079
https://webshopb2b.bloomingville.com/Services/ProductService.asmx/Products?v=1.0&cId=11&langId=5&countryId=11&locId=16016&customerId=0&imgSizeId=0&pIds=5255080
https://webshopb2b.bloomingville.com/Services/ProductService.asmx/Products?v=1.0&cId=11&langId=5&countryId=11&locId=16016&customerId=0&imgSizeId=0&pIds=5255081
https://webshopb2b.bloomingville.com/Services/ProductService.asmx/Products?v=1.0&cId=11&langId=5&countryId=11&locId=16016&customerId=0&imgSizeId=0&pIds=5255186
https://webshopb2b.bloomingville.com/Services/ProductService.asmx/Products?v=1.0&cId=11&langId=5&countryId=11&locId=16016&customerId=0&imgSizeId=0&pIds=5255187
https://webshopb2b.bloomingville.com/Services/ProductService.asmx/Products?v=1.0&cId=11&langId=5&countryId=11&locId=16016&customerId=0&imgSizeId=0&pIds=5659959
https://webshopb2b.bloomingville.com/Services/ProductService.asmx/Products?v=1.0&cId=11&langId=5&countryId=11&locId=16016&customerId=0&imgSizeId=0&pIds=5659960
https://webshopb2b.bloomingville.com/Services/ProductService.asmx/Products?v=1.0&cId=11&langId=5&countryId=11&locId=16016&customerId=0&imgSizeId=0&pIds=4016338
https://webshopb2b.bloomingville.com/Services/ProductService.asmx/Products?v=1.0&cId=11&langId=5&countryId=11&locId=16016&customerId=0&imgSizeId=0&pIds=4016536
https://webshopb2b.bloomingville.com/Services/ProductService.asmx/Products?v=1.0&cId=11&langId=5&countryId=11&locId=16016&customerId=0&imgSizeId=0&pIds=4016543
https://webshopb2b.bloomingville.com/Services/ProductService.asmx/Products?v=1.0&cId=11&langId=5&countryId=11&locId=16016&customerId=0&imgSizeId=0&pIds=4016595
https://webshopb2b.bloomingville.com/Services/ProductService.asmx/Products?v=1.0&cId=11&langId=5&countryId=11&locId=16016&customerId=0&imgSizeId=0&pIds=4016596
https://webshopb2b.bloomingville.com/Services/ProductService.asmx/Products?v=1.0&cId=11&langId=5&countryId=11&locId=16016&customerId=0&imgSizeId=0&pIds=4016597
https://webshopb2b.bloomingville.com/Services/ProductService.asmx/Products?v=1.0&cId=11&langId=5&countryId=11&locId=16016&customerId=0&imgSizeId=0&pIds=4016598
https://webshopb2b.bloomingville.com/Services/ProductService.asmx/Products?v=1.0&cId=11&langId=5&countryId=11&locId=16016&customerId=0&imgSizeId=0&pIds=2209018
https://webshopb2b.bloomingville.com/Services/ProductService.asmx/Products?v=1.0&cId=11&langId=5&countryId=11&locId=16016&customerId=0&imgSizeId=0&pIds=2209023
https://webshopb2b.bloomingville.com/Services/ProductService.asmx/Products?v=1.0&cId=11&langId=5&countryId=11&locId=16016&customerId=0&imgSizeId=0&pIds=2658556
https://webshopb2b.bloomingville.com/Services/ProductService.asmx/Products?v=1.0&cId=11&langId=5&countryId=11&locId=16016&customerId=0&imgSizeId=0&pIds=2658557
https://webshopb2b.bloomingville.com/Services/ProductService.asmx/Products?v=1.0&cId=11&langId=5&countryId=11&locId=16016&customerId=0&imgSizeId=0&pIds=3628321
https://webshopb2b.bloomingville.com/Services/ProductService.asmx/Products?v=1.0&cId=11&langId=5&countryId=11&locId=16016&customerId=0&imgSizeId=0&pIds=4101286
https://webshopb2b.bloomingville.com/Services/ProductService.asmx/Products?v=1.0&cId=11&langId=5&countryId=11&locId=16016&customerId=0&imgSizeId=0&pIds=3628501
https://webshopb2b.bloomingville.com/Services/ProductService.asmx/Products?v=1.0&cId=11&langId=5&countryId=11&locId=16016&customerId=0&imgSizeId=0&pIds=3628555
https://webshopb2b.bloomingville.com/Services/ProductService.asmx/Products?v=1.0&cId=11&langId=5&countryId=11&locId=16016&customerId=0&imgSizeId=0&pIds=4101371
https://webshopb2b.bloomingville.com/Services/ProductService.asmx/Products?v=1.0&cId=11&langId=5&countryId=11&locId=16016&customerId=0&imgSizeId=0&pIds=2628203
https://webshopb2b.bloomingville.com/Services/ProductService.asmx/Products?v=1.0&cId=11&langId=5&countryId=11&locId=16016&customerId=0&imgSizeId=0&pIds=6967021
https://webshopb2b.bloomingville.com/Services/ProductService.asmx/Products?v=1.0&cId=11&langId=5&countryId=11&locId=16016&customerId=0&imgSizeId=0&pIds=6967022
https://webshopb2b.bloomingville.com/Services/ProductService.asmx/Products?v=1.0&cId=11&langId=5&countryId=11&locId=16016&customerId=0&imgSizeId=0&pIds=6967048
https://webshopb2b.bloomingville.com/Services/ProductService.asmx/Products?v=1.0&cId=11&langId=5&countryId=11&locId=16016&customerId=0&imgSizeId=0&pIds=6967153
https://webshopb2b.bloomingville.com/Services/ProductService.asmx/Products?v=1.0&cId=11&langId=5&countryId=11&locId=16016&customerId=0&imgSizeId=0&pIds=6967193
https://webshopb2b.bloomingville.com/Services/ProductService.asmx/Products?v=1.0&cId=11&langId=5&countryId=11&locId=16016&customerId=0&imgSizeId=0&pIds=6967324
https://webshopb2b.bloomingville.com/Services/ProductService.asmx/Products?v=1.0&cId=11&langId=5&countryId=11&locId=16016&customerId=0&imgSizeId=0&pIds=6125386
https://webshopb2b.bloomingville.com/Services/ProductService.asmx/Products?v=1.0&cId=11&langId=5&countryId=11&locId=16016&customerId=0&imgSizeId=0&pIds=6125387
https://webshopb2b.bloomingville.com/Services/ProductService.asmx/Products?v=1.0&cId=11&langId=5&countryId=11&locId=16016&customerId=0&imgSizeId=0&pIds=6125432
https://webshopb2b.bloomingville.com/Services/ProductService.asmx/Products?v=1.0&cId=11&langId=5&countryId=11&locId=16016&customerId=0&imgSizeId=0&pIds=6125488
https://webshopb2b.bloomingville.com/Services/ProductService.asmx/Products?v=1.0&cId=11&langId=5&countryId=11&locId=16016&customerId=0&imgSizeId=0&pIds=6125489
https://webshopb2b.bloomingville.com/Services/ProductService.asmx/Products?v=1.0&cId=11&langId=5&countryId=11&locId=16016&customerId=0&imgSizeId=0&pIds=6125756
https://webshopb2b.bloomingville.com/Services/ProductService.asmx/Products?v=1.0&cId=11&langId=5&countryId=11&locId=16016&customerId=0&imgSizeId=0&pIds=6125757
https://webshopb2b.bloomingville.com/Services/ProductService.asmx/Products?v=1.0&cId=11&langId=5&countryId=11&locId=16016&customerId=0&imgSizeId=0&pIds=6125758
https://webshopb2b.bloomingville.com/Services/ProductService.asmx/Products?v=1.0&cId=11&langId=5&countryId=11&locId=16016&customerId=0&imgSizeId=0&pIds=6125762
https://webshopb2b.bloomingville.com/Services/ProductService.asmx/Products?v=1.0&cId=11&langId=5&countryId=11&locId=16016&customerId=0&imgSizeId=0&pIds=6125763
https://webshopb2b.bloomingville.com/Services/ProductService.asmx/Products?v=1.0&cId=11&langId=5&countryId=11&locId=16016&customerId=0&imgSizeId=0&pIds=6125787
https://webshopb2b.bloomingville.com/Services/ProductService.asmx/Products?v=1.0&cId=11&langId=5&countryId=11&locId=16016&customerId=0&imgSizeId=0&pIds=5254610
https://webshopb2b.bloomingville.com/Services/ProductService.asmx/Products?v=1.0&cId=11&langId=5&countryId=11&locId=16016&customerId=0&imgSizeId=0&pIds=5254611
https://webshopb2b.bloomingville.com/Services/ProductService.asmx/Products?v=1.0&cId=11&langId=5&countryId=11&locId=16016&customerId=0&imgSizeId=0&pIds=5254768
https://webshopb2b.bloomingville.com/Services/ProductService.asmx/Products?v=1.0&cId=11&langId=5&countryId=11&locId=16016&customerId=0&imgSizeId=0&pIds=5255111
https://webshopb2b.bloomingville.com/Services/ProductService.asmx/Products?v=1.0&cId=11&langId=5&countryId=11&locId=16016&customerId=0&imgSizeId=0&pIds=4016085
https://webshopb2b.bloomingville.com/Services/ProductService.asmx/Products?v=1.0&cId=11&langId=5&countryId=11&locId=16016&customerId=0&imgSizeId=0&pIds=4016087
https://webshopb2b.bloomingville.com/Services/ProductService.asmx/Products?v=1.0&cId=11&langId=5&countryId=11&locId=16016&customerId=0&imgSizeId=0&pIds=4016357
https://webshopb2b.bloomingville.com/Services/ProductService.asmx/Products?v=1.0&cId=11&langId=5&countryId=11&locId=16016&customerId=0&imgSizeId=0&pIds=4016358
https://webshopb2b.bloomingville.com/Services/ProductService.asmx/Products?v=1.0&cId=11&langId=5&countryId=11&locId=16016&customerId=0&imgSizeId=0&pIds=4016362
https://webshopb2b.bloomingville.com/Services/ProductService.asmx/Products?v=1.0&cId=11&langId=5&countryId=11&locId=16016&customerId=0&imgSizeId=0&pIds=4016370
https://webshopb2b.bloomingville.com/Services/ProductService.asmx/Products?v=1.0&cId=11&langId=5&countryId=11&locId=16016&customerId=0&imgSizeId=0&pIds=4016372
https://webshopb2b.bloomingville.com/Services/ProductService.asmx/Products?v=1.0&cId=11&langId=5&countryId=11&locId=16016&customerId=0&imgSizeId=0&pIds=4016514
https://webshopb2b.bloomingville.com/Services/ProductService.asmx/Products?v=1.0&cId=11&langId=5&countryId=11&locId=16016&customerId=0&imgSizeId=0&pIds=4016515

https://webshopb2b.bloomingville.com/Services/ProductService.asmx/Products?v=1.0&cId=11&langId=5&countryId=11&locId=16016&customerId=0&imgSizeId=0&pIds=2211361
https://webshopb2b.bloomingville.com/Services/ProductService.asmx/Products?v=1.0&cId=11&langId=5&countryId=11&locId=16016&customerId=0&imgSizeId=0&pIds=2211363

https://webshopb2b.bloomingville.com/Services/ProductService.asmx/Products?v=1.0&cId=11&langId=5&countryId=11&locId=16016&customerId=0&imgSizeId=0&pIds=2211372
https://webshopb2b.bloomingville.com/Services/ProductService.asmx/Products?v=1.0&cId=11&langId=5&countryId=11&locId=16016&customerId=0&imgSizeId=0&pIds=2211388
https://webshopb2b.bloomingville.com/Services/ProductService.asmx/Products?v=1.0&cId=11&langId=5&countryId=11&locId=16016&customerId=0&imgSizeId=0&pIds=2658852
https://webshopb2b.bloomingville.com/Services/ProductService.asmx/Products?v=1.0&cId=11&langId=5&countryId=11&locId=16016&customerId=0&imgSizeId=0&pIds=3628523
https://webshopb2b.bloomingville.com/Services/ProductService.asmx/Products?v=1.0&cId=11&langId=5&countryId=11&locId=16016&customerId=0&imgSizeId=0&pIds=3628526
https://webshopb2b.bloomingville.com/Services/ProductService.asmx/Products?v=1.0&cId=11&langId=5&countryId=11&locId=16016&customerId=0&imgSizeId=0&pIds=2211475
https://webshopb2b.bloomingville.com/Services/ProductService.asmx/Products?v=1.0&cId=11&langId=5&countryId=11&locId=16016&customerId=0&imgSizeId=0&pIds=3628646
https://webshopb2b.bloomingville.com/Services/ProductService.asmx/Products?v=1.0&cId=11&langId=5&countryId=11&locId=16016&customerId=0&imgSizeId=0&pIds=2212632
https://webshopb2b.bloomingville.com/Services/ProductService.asmx/Products?v=1.0&cId=11&langId=5&countryId=11&locId=16016&customerId=0&imgSizeId=0&pIds=2381856
https://webshopb2b.bloomingville.com/Services/ProductService.asmx/Products?v=1.0&cId=11&langId=5&countryId=11&locId=16016&customerId=0&imgSizeId=0&pIds=2381857
https://webshopb2b.bloomingville.com/Services/ProductService.asmx/Products?v=1.0&cId=11&langId=5&countryId=11&locId=16016&customerId=0&imgSizeId=0&pIds=2381909
https://webshopb2b.bloomingville.com/Services/ProductService.asmx/Products?v=1.0&cId=11&langId=5&countryId=11&locId=16016&customerId=0&imgSizeId=0&pIds=2381910
https://webshopb2b.bloomingville.com/Services/ProductService.asmx/Products?v=1.0&cId=11&langId=5&countryId=11&locId=16016&customerId=0&imgSizeId=0&pIds=2381912
https://webshopb2b.bloomingville.com/Services/ProductService.asmx/Products?v=1.0&cId=11&langId=5&countryId=11&locId=16016&customerId=0&imgSizeId=0&pIds=6284222

https://webshopb2b.bloomingville.com/Services/ProductService.asmx/Products?v=1.0&cId=11&langId=5&countryId=11&locId=16016&customerId=0&imgSizeId=0&pIds=6284231
https://webshopb2b.bloomingville.com/Services/ProductService.asmx/Products?v=1.0&cId=11&langId=5&countryId=11&locId=16016&customerId=0&imgSizeId=0&pIds=6284232


https://webshopb2b.bloomingville.com/Services/ProductService.asmx/Products?v=1.0&cId=11&langId=5&countryId=11&locId=16016&customerId=0&imgSizeId=0&pIds=6284275
https://webshopb2b.bloomingville.com/Services/ProductService.asmx/Products?v=1.0&cId=11&langId=5&countryId=11&locId=16016&customerId=0&imgSizeId=0&pIds=6284296
https://webshopb2b.bloomingville.com/Services/ProductService.asmx/Products?v=1.0&cId=11&langId=5&countryId=11&locId=16016&customerId=0&imgSizeId=0&pIds=6284321
https://webshopb2b.bloomingville.com/Services/ProductService.asmx/Products?v=1.0&cId=11&langId=5&countryId=11&locId=16016&customerId=0&imgSizeId=0&pIds=6284333
https://webshopb2b.bloomingville.com/Services/ProductService.asmx/Products?v=1.0&cId=11&langId=5&countryId=11&locId=16016&customerId=0&imgSizeId=0&pIds=6284334


https://webshopb2b.bloomingville.com/Services/ProductService.asmx/Products?v=1.0&cId=11&langId=5&countryId=11&locId=16016&customerId=0&imgSizeId=0&pIds=6284369

https://webshopb2b.bloomingville.com/Services/ProductService.asmx/Products?v=1.0&cId=11&langId=5&countryId=11&locId=16016&customerId=0&imgSizeId=0&pIds=6284391

https://webshopb2b.bloomingville.com/Services/ProductService.asmx/Products?v=1.0&cId=11&langId=5&countryId=11&locId=16016&customerId=0&imgSizeId=0&pIds=6284398
https://webshopb2b.bloomingville.com/Services/ProductService.asmx/Products?v=1.0&cId=11&langId=5&countryId=11&locId=16016&customerId=0&imgSizeId=0&pIds=6284399
https://webshopb2b.bloomingville.com/Services/ProductService.asmx/Products?v=1.0&cId=11&langId=5&countryId=11&locId=16016&customerId=0&imgSizeId=0&pIds=6284400





https://webshopb2b.bloomingville.com/Services/ProductService.asmx/Products?v=1.0&cId=11&langId=5&countryId=11&locId=16016&customerId=0&imgSizeId=0&pIds=6284428
https://webshopb2b.bloomingville.com/Services/ProductService.asmx/Products?v=1.0&cId=11&langId=5&countryId=11&locId=16016&customerId=0&imgSizeId=0&pIds=6284441


https://webshopb2b.bloomingville.com/Services/ProductService.asmx/Products?v=1.0&cId=11&langId=5&countryId=11&locId=16016&customerId=0&imgSizeId=0&pIds=4101287

https://webshopb2b.bloomingville.com/Services/ProductService.asmx/Products?v=1.0&cId=11&langId=5&countryId=11&locId=16016&customerId=0&imgSizeId=0&pIds=6967280
https://webshopb2b.bloomingville.com/Services/ProductService.asmx/Products?v=1.0&cId=11&langId=5&countryId=11&locId=16016&customerId=0&imgSizeId=0&pIds=6967284
https://webshopb2b.bloomingville.com/Services/ProductService.asmx/Products?v=1.0&cId=11&langId=5&countryId=11&locId=16016&customerId=0&imgSizeId=0&pIds=6967335
https://webshopb2b.bloomingville.com/Services/ProductService.asmx/Products?v=1.0&cId=11&langId=5&countryId=11&locId=16016&customerId=0&imgSizeId=0&pIds=6967336
https://webshopb2b.bloomingville.com/Services/ProductService.asmx/Products?v=1.0&cId=11&langId=5&countryId=11&locId=16016&customerId=0&imgSizeId=0&pIds=6967345
https://webshopb2b.bloomingville.com/Services/ProductService.asmx/Products?v=1.0&cId=11&langId=5&countryId=11&locId=16016&customerId=0&imgSizeId=0&pIds=6967346
https://webshopb2b.bloomingville.com/Services/ProductService.asmx/Products?v=1.0&cId=11&langId=5&countryId=11&locId=16016&customerId=0&imgSizeId=0&pIds=6967382
https://webshopb2b.bloomingville.com/Services/ProductService.asmx/Products?v=1.0&cId=11&langId=5&countryId=11&locId=16016&customerId=0&imgSizeId=0&pIds=6967556
https://webshopb2b.bloomingville.com/Services/ProductService.asmx/Products?v=1.0&cId=11&langId=5&countryId=11&locId=16016&customerId=0&imgSizeId=0&pIds=6967557
https://webshopb2b.bloomingville.com/Services/ProductService.asmx/Products?v=1.0&cId=11&langId=5&countryId=11&locId=16016&customerId=0&imgSizeId=0&pIds=6125414
https://webshopb2b.bloomingville.com/Services/ProductService.asmx/Products?v=1.0&cId=11&langId=5&countryId=11&locId=16016&customerId=0&imgSizeId=0&pIds=6125431
https://webshopb2b.bloomingville.com/Services/ProductService.asmx/Products?v=1.0&cId=11&langId=5&countryId=11&locId=16016&customerId=0&imgSizeId=0&pIds=6125503
https://webshopb2b.bloomingville.com/Services/ProductService.asmx/Products?v=1.0&cId=11&langId=5&countryId=11&locId=16016&customerId=0&imgSizeId=0&pIds=6125560
https://webshopb2b.bloomingville.com/Services/ProductService.asmx/Products?v=1.0&cId=11&langId=5&countryId=11&locId=16016&customerId=0&imgSizeId=0&pIds=6125561
https://webshopb2b.bloomingville.com/Services/ProductService.asmx/Products?v=1.0&cId=11&langId=5&countryId=11&locId=16016&customerId=0&imgSizeId=0&pIds=6125729
https://webshopb2b.bloomingville.com/Services/ProductService.asmx/Products?v=1.0&cId=11&langId=5&countryId=11&locId=16016&customerId=0&imgSizeId=0&pIds=6125732
https://webshopb2b.bloomingville.com/Services/ProductService.asmx/Products?v=1.0&cId=11&langId=5&countryId=11&locId=16016&customerId=0&imgSizeId=0&pIds=6125733
https://webshopb2b.bloomingville.com/Services/ProductService.asmx/Products?v=1.0&cId=11&langId=5&countryId=11&locId=16016&customerId=0&imgSizeId=0&pIds=6125734
https://webshopb2b.bloomingville.com/Services/ProductService.asmx/Products?v=1.0&cId=11&langId=5&countryId=11&locId=16016&customerId=0&imgSizeId=0&pIds=6125735
https://webshopb2b.bloomingville.com/Services/ProductService.asmx/Products?v=1.0&cId=11&langId=5&countryId=11&locId=16016&customerId=0&imgSizeId=0&pIds=6125765
https://webshopb2b.bloomingville.com/Services/ProductService.asmx/Products?v=1.0&cId=11&langId=5&countryId=11&locId=16016&customerId=0&imgSizeId=0&pIds=5254300

https://webshopb2b.bloomingville.com/Services/ProductService.asmx/Products?v=1.0&cId=11&langId=5&countryId=11&locId=16016&customerId=0&imgSizeId=0&pIds=4016286
https://webshopb2b.bloomingville.com/Services/ProductService.asmx/Products?v=1.0&cId=11&langId=5&countryId=11&locId=16016&customerId=0&imgSizeId=0&pIds=4016289
https://webshopb2b.bloomingville.com/Services/ProductService.asmx/Products?v=1.0&cId=11&langId=5&countryId=11&locId=16016&customerId=0&imgSizeId=0&pIds=4016295
https://webshopb2b.bloomingville.com/Services/ProductService.asmx/Products?v=1.0&cId=11&langId=5&countryId=11&locId=16016&customerId=0&imgSizeId=0&pIds=4016311
https://webshopb2b.bloomingville.com/Services/ProductService.asmx/Products?v=1.0&cId=11&langId=5&countryId=11&locId=16016&customerId=0&imgSizeId=0&pIds=4016312
https://webshopb2b.bloomingville.com/Services/ProductService.asmx/Products?v=1.0&cId=11&langId=5&countryId=11&locId=16016&customerId=0&imgSizeId=0&pIds=4016313
https://webshopb2b.bloomingville.com/Services/ProductService.asmx/Products?v=1.0&cId=11&langId=5&countryId=11&locId=16016&customerId=0&imgSizeId=0&pIds=4016346
https://webshopb2b.bloomingville.com/Services/ProductService.asmx/Products?v=1.0&cId=11&langId=5&countryId=11&locId=16016&customerId=0&imgSizeId=0&pIds=4016347
https://webshopb2b.bloomingville.com/Services/ProductService.asmx/Products?v=1.0&cId=11&langId=5&countryId=11&locId=16016&customerId=0&imgSizeId=0&pIds=4016349
https://webshopb2b.bloomingville.com/Services/ProductService.asmx/Products?v=1.0&cId=11&langId=5&countryId=11&locId=16016&customerId=0&imgSizeId=0&pIds=4016350
https://webshopb2b.bloomingville.com/Services/ProductService.asmx/Products?v=1.0&cId=11&langId=5&countryId=11&locId=16016&customerId=0&imgSizeId=0&pIds=4016377
https://webshopb2b.bloomingville.com/Services/ProductService.asmx/Products?v=1.0&cId=11&langId=5&countryId=11&locId=16016&customerId=0&imgSizeId=0&pIds=2210931
https://webshopb2b.bloomingville.com/Services/ProductService.asmx/Products?v=1.0&cId=11&langId=5&countryId=11&locId=16016&customerId=0&imgSizeId=0&pIds=2210932
https://webshopb2b.bloomingville.com/Services/ProductService.asmx/Products?v=1.0&cId=11&langId=5&countryId=11&locId=16016&customerId=0&imgSizeId=0&pIds=2210933
https://webshopb2b.bloomingville.com/Services/ProductService.asmx/Products?v=1.0&cId=11&langId=5&countryId=11&locId=16016&customerId=0&imgSizeId=0&pIds=2210950
https://webshopb2b.bloomingville.com/Services/ProductService.asmx/Products?v=1.0&cId=11&langId=5&countryId=11&locId=16016&customerId=0&imgSizeId=0&pIds=2659085
https://webshopb2b.bloomingville.com/Services/ProductService.asmx/Products?v=1.0&cId=11&langId=5&countryId=11&locId=16016&customerId=0&imgSizeId=0&pIds=6125563

https://webshopb2b.bloomingville.com/Services/ProductService.asmx/Products?v=1.0&cId=11&langId=5&countryId=11&locId=16016&customerId=0&imgSizeId=0&pIds=6125754
https://webshopb2b.bloomingville.com/Services/ProductService.asmx/Products?v=1.0&cId=11&langId=5&countryId=11&locId=16016&customerId=0&imgSizeId=0&pIds=5254496
https://webshopb2b.bloomingville.com/Services/ProductService.asmx/Products?v=1.0&cId=11&langId=5&countryId=11&locId=16016&customerId=0&imgSizeId=0&pIds=5255084
https://webshopb2b.bloomingville.com/Services/ProductService.asmx/Products?v=1.0&cId=11&langId=5&countryId=11&locId=16016&customerId=0&imgSizeId=0&pIds=5255086
https://webshopb2b.bloomingville.com/Services/ProductService.asmx/Products?v=1.0&cId=11&langId=5&countryId=11&locId=16016&customerId=0&imgSizeId=0&pIds=5255088
https://webshopb2b.bloomingville.com/Services/ProductService.asmx/Products?v=1.0&cId=11&langId=5&countryId=11&locId=16016&customerId=0&imgSizeId=0&pIds=5255092
https://webshopb2b.bloomingville.com/Services/ProductService.asmx/Products?v=1.0&cId=11&langId=5&countryId=11&locId=16016&customerId=0&imgSizeId=0&pIds=5255094
https://webshopb2b.bloomingville.com/Services/ProductService.asmx/Products?v=1.0&cId=11&langId=5&countryId=11&locId=16016&customerId=0&imgSizeId=0&pIds=5255185
https://webshopb2b.bloomingville.com/Services/ProductService.asmx/Products?v=1.0&cId=11&langId=5&countryId=11&locId=16016&customerId=0&imgSizeId=0&pIds=5659929
https://webshopb2b.bloomingville.com/Services/ProductService.asmx/Products?v=1.0&cId=11&langId=5&countryId=11&locId=16016&customerId=0&imgSizeId=0&pIds=5659961
https://webshopb2b.bloomingville.com/Services/ProductService.asmx/Products?v=1.0&cId=11&langId=5&countryId=11&locId=16016&customerId=0&imgSizeId=0&pIds=5659962
https://webshopb2b.bloomingville.com/Services/ProductService.asmx/Products?v=1.0&cId=11&langId=5&countryId=11&locId=16016&customerId=0&imgSizeId=0&pIds=5659964
https://webshopb2b.bloomingville.com/Services/ProductService.asmx/Products?v=1.0&cId=11&langId=5&countryId=11&locId=16016&customerId=0&imgSizeId=0&pIds=5659966
https://webshopb2b.bloomingville.com/Services/ProductService.asmx/Products?v=1.0&cId=11&langId=5&countryId=11&locId=16016&customerId=0&imgSizeId=0&pIds=4016410
https://webshopb2b.bloomingville.com/Services/ProductService.asmx/Products?v=1.0&cId=11&langId=5&countryId=11&locId=16016&customerId=0&imgSizeId=0&pIds=2212652
https://webshopb2b.bloomingville.com/Services/ProductService.asmx/Products?v=1.0&cId=11&langId=5&countryId=11&locId=16016&customerId=0&imgSizeId=0&pIds=2212679
https://webshopb2b.bloomingville.com/Services/ProductService.asmx/Products?v=1.0&cId=11&langId=5&countryId=11&locId=16016&customerId=0&imgSizeId=0&pIds=6275773
https://webshopb2b.bloomingville.com/Services/ProductService.asmx/Products?v=1.0&cId=11&langId=5&countryId=11&locId=16016&customerId=0&imgSizeId=0&pIds=6967031
https://webshopb2b.bloomingville.com/Services/ProductService.asmx/Products?v=1.0&cId=11&langId=5&countryId=11&locId=16016&customerId=0&imgSizeId=0&pIds=6967033
https://webshopb2b.bloomingville.com/Services/ProductService.asmx/Products?v=1.0&cId=11&langId=5&countryId=11&locId=16016&customerId=0&imgSizeId=0&pIds=6967034
https://webshopb2b.bloomingville.com/Services/ProductService.asmx/Products?v=1.0&cId=11&langId=5&countryId=11&locId=16016&customerId=0&imgSizeId=0&pIds=6967053
https://webshopb2b.bloomingville.com/Services/ProductService.asmx/Products?v=1.0&cId=11&langId=5&countryId=11&locId=16016&customerId=0&imgSizeId=0&pIds=6967054
https://webshopb2b.bloomingville.com/Services/ProductService.asmx/Products?v=1.0&cId=11&langId=5&countryId=11&locId=16016&customerId=0&imgSizeId=0&pIds=6967092
https://webshopb2b.bloomingville.com/Services/ProductService.asmx/Products?v=1.0&cId=11&langId=5&countryId=11&locId=16016&customerId=0&imgSizeId=0&pIds=6967093
https://webshopb2b.bloomingville.com/Services/ProductService.asmx/Products?v=1.0&cId=11&langId=5&countryId=11&locId=16016&customerId=0&imgSizeId=0&pIds=6967103
https://webshopb2b.bloomingville.com/Services/ProductService.asmx/Products?v=1.0&cId=11&langId=5&countryId=11&locId=16016&customerId=0&imgSizeId=0&pIds=6967122
https://webshopb2b.bloomingville.com/Services/ProductService.asmx/Products?v=1.0&cId=11&langId=5&countryId=11&locId=16016&customerId=0&imgSizeId=0&pIds=6967278
https://webshopb2b.bloomingville.com/Services/ProductService.asmx/Products?v=1.0&cId=11&langId=5&countryId=11&locId=16016&customerId=0&imgSizeId=0&pIds=6967279
https://webshopb2b.bloomingville.com/Services/ProductService.asmx/Products?v=1.0&cId=11&langId=5&countryId=11&locId=16016&customerId=0&imgSizeId=0&pIds=6967467
https://webshopb2b.bloomingville.com/Services/ProductService.asmx/Products?v=1.0&cId=11&langId=5&countryId=11&locId=16016&customerId=0&imgSizeId=0&pIds=6125400
https://webshopb2b.bloomingville.com/Services/ProductService.asmx/Products?v=1.0&cId=11&langId=5&countryId=11&locId=16016&customerId=0&imgSizeId=0&pIds=6125509
https://webshopb2b.bloomingville.com/Services/ProductService.asmx/Products?v=1.0&cId=11&langId=5&countryId=11&locId=16016&customerId=0&imgSizeId=0&pIds=6125521
https://webshopb2b.bloomingville.com/Services/ProductService.asmx/Products?v=1.0&cId=11&langId=5&countryId=11&locId=16016&customerId=0&imgSizeId=0&pIds=6125524
https://webshopb2b.bloomingville.com/Services/ProductService.asmx/Products?v=1.0&cId=11&langId=5&countryId=11&locId=16016&customerId=0&imgSizeId=0&pIds=6125559
https://webshopb2b.bloomingville.com/Services/ProductService.asmx/Products?v=1.0&cId=11&langId=5&countryId=11&locId=16016&customerId=0&imgSizeId=0&pIds=6125602
https://webshopb2b.bloomingville.com/Services/ProductService.asmx/Products?v=1.0&cId=11&langId=5&countryId=11&locId=16016&customerId=0&imgSizeId=0&pIds=6125603
https://webshopb2b.bloomingville.com/Services/ProductService.asmx/Products?v=1.0&cId=11&langId=5&countryId=11&locId=16016&customerId=0&imgSizeId=0&pIds=6125774
https://webshopb2b.bloomingville.com/Services/ProductService.asmx/Products?v=1.0&cId=11&langId=5&countryId=11&locId=16016&customerId=0&imgSizeId=0&pIds=6125775
https://webshopb2b.bloomingville.com/Services/ProductService.asmx/Products?v=1.0&cId=11&langId=5&countryId=11&locId=16016&customerId=0&imgSizeId=0&pIds=6125776
https://webshopb2b.bloomingville.com/Services/ProductService.asmx/Products?v=1.0&cId=11&langId=5&countryId=11&locId=16016&customerId=0&imgSizeId=0&pIds=6125780
https://webshopb2b.bloomingville.com/Services/ProductService.asmx/Products?v=1.0&cId=11&langId=5&countryId=11&locId=16016&customerId=0&imgSizeId=0&pIds=6125781
https://webshopb2b.bloomingville.com/Services/ProductService.asmx/Products?v=1.0&cId=11&langId=5&countryId=11&locId=16016&customerId=0&imgSizeId=0&pIds=6125782
https://webshopb2b.bloomingville.com/Services/ProductService.asmx/Products?v=1.0&cId=11&langId=5&countryId=11&locId=16016&customerId=0&imgSizeId=0&pIds=6125783
https://webshopb2b.bloomingville.com/Services/ProductService.asmx/Products?v=1.0&cId=11&langId=5&countryId=11&locId=16016&customerId=0&imgSizeId=0&pIds=6125784
https://webshopb2b.bloomingville.com/Services/ProductService.asmx/Products?v=1.0&cId=11&langId=5&countryId=11&locId=16016&customerId=0&imgSizeId=0&pIds=6125785
https://webshopb2b.bloomingville.com/Services/ProductService.asmx/Products?v=1.0&cId=11&langId=5&countryId=11&locId=16016&customerId=0&imgSizeId=0&pIds=5254636
https://webshopb2b.bloomingville.com/Services/ProductService.asmx/Products?v=1.0&cId=11&langId=5&countryId=11&locId=16016&customerId=0&imgSizeId=0&pIds=5254640
https://webshopb2b.bloomingville.com/Services/ProductService.asmx/Products?v=1.0&cId=11&langId=5&countryId=11&locId=16016&customerId=0&imgSizeId=0&pIds=5254641
https://webshopb2b.bloomingville.com/Services/ProductService.asmx/Products?v=1.0&cId=11&langId=5&countryId=11&locId=16016&customerId=0&imgSizeId=0&pIds=5254642
https://webshopb2b.bloomingville.com/Services/ProductService.asmx/Products?v=1.0&cId=11&langId=5&countryId=11&locId=16016&customerId=0&imgSizeId=0&pIds=5254643
https://webshopb2b.bloomingville.com/Services/ProductService.asmx/Products?v=1.0&cId=11&langId=5&countryId=11&locId=16016&customerId=0&imgSizeId=0&pIds=5254644
https://webshopb2b.bloomingville.com/Services/ProductService.asmx/Products?v=1.0&cId=11&langId=5&countryId=11&locId=16016&customerId=0&imgSizeId=0&pIds=5254645
https://webshopb2b.bloomingville.com/Services/ProductService.asmx/Products?v=1.0&cId=11&langId=5&countryId=11&locId=16016&customerId=0&imgSizeId=0&pIds=5254785
https://webshopb2b.bloomingville.com/Services/ProductService.asmx/Products?v=1.0&cId=11&langId=5&countryId=11&locId=16016&customerId=0&imgSizeId=0&pIds=5254786
https://webshopb2b.bloomingville.com/Services/ProductService.asmx/Products?v=1.0&cId=11&langId=5&countryId=11&locId=16016&customerId=0&imgSizeId=0&pIds=5254787
https://webshopb2b.bloomingville.com/Services/ProductService.asmx/Products?v=1.0&cId=11&langId=5&countryId=11&locId=16016&customerId=0&imgSizeId=0&pIds=5254788
https://webshopb2b.bloomingville.com/Services/ProductService.asmx/Products?v=1.0&cId=11&langId=5&countryId=11&locId=16016&customerId=0&imgSizeId=0&pIds=5254791
https://webshopb2b.bloomingville.com/Services/ProductService.asmx/Products?v=1.0&cId=11&langId=5&countryId=11&locId=16016&customerId=0&imgSizeId=0&pIds=5254794
https://webshopb2b.bloomingville.com/Services/ProductService.asmx/Products?v=1.0&cId=11&langId=5&countryId=11&locId=16016&customerId=0&imgSizeId=0&pIds=5254810
https://webshopb2b.bloomingville.com/Services/ProductService.asmx/Products?v=1.0&cId=11&langId=5&countryId=11&locId=16016&customerId=0&imgSizeId=0&pIds=5659939
https://webshopb2b.bloomingville.com/Services/ProductService.asmx/Products?v=1.0&cId=11&langId=5&countryId=11&locId=16016&customerId=0&imgSizeId=0&pIds=5659940
https://webshopb2b.bloomingville.com/Services/ProductService.asmx/Products?v=1.0&cId=11&langId=5&countryId=11&locId=16016&customerId=0&imgSizeId=0&pIds=5659941
https://webshopb2b.bloomingville.com/Services/ProductService.asmx/Products?v=1.0&cId=11&langId=5&countryId=11&locId=16016&customerId=0&imgSizeId=0&pIds=4016184
https://webshopb2b.bloomingville.com/Services/ProductService.asmx/Products?v=1.0&cId=11&langId=5&countryId=11&locId=16016&customerId=0&imgSizeId=0&pIds=4016314
https://webshopb2b.bloomingville.com/Services/ProductService.asmx/Products?v=1.0&cId=11&langId=5&countryId=11&locId=16016&customerId=0&imgSizeId=0&pIds=4016315
https://webshopb2b.bloomingville.com/Services/ProductService.asmx/Products?v=1.0&cId=11&langId=5&countryId=11&locId=16016&customerId=0&imgSizeId=0&pIds=4016322
https://webshopb2b.bloomingville.com/Services/ProductService.asmx/Products?v=1.0&cId=11&langId=5&countryId=11&locId=16016&customerId=0&imgSizeId=0&pIds=4016418
https://webshopb2b.bloomingville.com/Services/ProductService.asmx/Products?v=1.0&cId=11&langId=5&countryId=11&locId=16016&customerId=0&imgSizeId=0&pIds=4016419
https://webshopb2b.bloomingville.com/Services/ProductService.asmx/Products?v=1.0&cId=11&langId=5&countryId=11&locId=16016&customerId=0&imgSizeId=0&pIds=4016420
https://webshopb2b.bloomingville.com/Services/ProductService.asmx/Products?v=1.0&cId=11&langId=5&countryId=11&locId=16016&customerId=0&imgSizeId=0&pIds=4016421
https://webshopb2b.bloomingville.com/Services/ProductService.asmx/Products?v=1.0&cId=11&langId=5&countryId=11&locId=16016&customerId=0&imgSizeId=0&pIds=4016422
https://webshopb2b.bloomingville.com/Services/ProductService.asmx/Products?v=1.0&cId=11&langId=5&countryId=11&locId=16016&customerId=0&imgSizeId=0&pIds=4016423
https://webshopb2b.bloomingville.com/Services/ProductService.asmx/Products?v=1.0&cId=11&langId=5&countryId=11&locId=16016&customerId=0&imgSizeId=0&pIds=4016424
https://webshopb2b.bloomingville.com/Services/ProductService.asmx/Products?v=1.0&cId=11&langId=5&countryId=11&locId=16016&customerId=0&imgSizeId=0&pIds=4016425
https://webshopb2b.bloomingville.com/Services/ProductService.asmx/Products?v=1.0&cId=11&langId=5&countryId=11&locId=16016&customerId=0&imgSizeId=0&pIds=2658810
https://webshopb2b.bloomingville.com/Services/ProductService.asmx/Products?v=1.0&cId=11&langId=5&countryId=11&locId=16016&customerId=0&imgSizeId=0&pIds=2211126
https://webshopb2b.bloomingville.com/Services/ProductService.asmx/Products?v=1.0&cId=11&langId=5&countryId=11&locId=16016&customerId=0&imgSizeId=0&pIds=2658819
https://webshopb2b.bloomingville.com/Services/ProductService.asmx/Products?v=1.0&cId=11&langId=5&countryId=11&locId=16016&customerId=0&imgSizeId=0&pIds=2658820
https://webshopb2b.bloomingville.com/Services/ProductService.asmx/Products?v=1.0&cId=11&langId=5&countryId=11&locId=16016&customerId=0&imgSizeId=0&pIds=2211147
https://webshopb2b.bloomingville.com/Services/ProductService.asmx/Products?v=1.0&cId=11&langId=5&countryId=11&locId=16016&customerId=0&imgSizeId=0&pIds=2211918
https://webshopb2b.bloomingville.com/Services/ProductService.asmx/Products?v=1.0&cId=11&langId=5&countryId=11&locId=16016&customerId=0&imgSizeId=0&pIds=2381662
https://webshopb2b.bloomingville.com/Services/ProductService.asmx/Products?v=1.0&cId=11&langId=5&countryId=11&locId=16016&customerId=0&imgSizeId=0&pIds=2381663
https://webshopb2b.bloomingville.com/Services/ProductService.asmx/Products?v=1.0&cId=11&langId=5&countryId=11&locId=16016&customerId=0&imgSizeId=0&pIds=2381667
https://webshopb2b.bloomingville.com/Services/ProductService.asmx/Products?v=1.0&cId=11&langId=5&countryId=11&locId=16016&customerId=0&imgSizeId=0&pIds=2381668
https://webshopb2b.bloomingville.com/Services/ProductService.asmx/Products?v=1.0&cId=11&langId=5&countryId=11&locId=16016&customerId=0&imgSizeId=0&pIds=2381669
https://webshopb2b.bloomingville.com/Services/ProductService.asmx/Products?v=1.0&cId=11&langId=5&countryId=11&locId=16016&customerId=0&imgSizeId=0&pIds=2381670
https://webshopb2b.bloomingville.com/Services/ProductService.asmx/Products?v=1.0&cId=11&langId=5&countryId=11&locId=16016&customerId=0&imgSizeId=0&pIds=2381671
https://webshopb2b.bloomingville.com/Services/ProductService.asmx/Products?v=1.0&cId=11&langId=5&countryId=11&locId=16016&customerId=0&imgSizeId=0&pIds=3628561
https://webshopb2b.bloomingville.com/Services/ProductService.asmx/Products?v=1.0&cId=11&langId=5&countryId=11&locId=16016&customerId=0&imgSizeId=0&pIds=3628562
https://webshopb2b.bloomingville.com/Services/ProductService.asmx/Products?v=1.0&cId=11&langId=5&countryId=11&locId=16016&customerId=0&imgSizeId=0&pIds=3628563
https://webshopb2b.bloomingville.com/Services/ProductService.asmx/Products?v=1.0&cId=11&langId=5&countryId=11&locId=16016&customerId=0&imgSizeId=0&pIds=3628564

https://webshopb2b.bloomingville.com/Services/ProductService.asmx/Products?v=1.0&cId=11&langId=5&countryId=11&locId=16016&customerId=0&imgSizeId=0&pIds=3628568
https://webshopb2b.bloomingville.com/Services/ProductService.asmx/Products?v=1.0&cId=11&langId=5&countryId=11&locId=16016&customerId=0&imgSizeId=0&pIds=3628569
https://webshopb2b.bloomingville.com/Services/ProductService.asmx/Products?v=1.0&cId=11&langId=5&countryId=11&locId=16016&customerId=0&imgSizeId=0&pIds=3628570
https://webshopb2b.bloomingville.com/Services/ProductService.asmx/Products?v=1.0&cId=11&langId=5&countryId=11&locId=16016&customerId=0&imgSizeId=0&pIds=3628571
https://webshopb2b.bloomingville.com/Services/ProductService.asmx/Products?v=1.0&cId=11&langId=5&countryId=11&locId=16016&customerId=0&imgSizeId=0&pIds=3628573

https://webshopb2b.bloomingville.com/Services/ProductService.asmx/Products?v=1.0&cId=11&langId=5&countryId=11&locId=16016&customerId=0&imgSizeId=0&pIds=3628575
https://webshopb2b.bloomingville.com/Services/ProductService.asmx/Products?v=1.0&cId=11&langId=5&countryId=11&locId=16016&customerId=0&imgSizeId=0&pIds=6125785
https://webshopb2b.bloomingville.com/Services/ProductService.asmx/Products?v=1.0&cId=11&langId=5&countryId=11&locId=16016&customerId=0&imgSizeId=0&pIds=5254768
https://webshopb2b.bloomingville.com/Services/ProductService.asmx/Products?v=1.0&cId=11&langId=5&countryId=11&locId=16016&customerId=0&imgSizeId=0&pIds=5255118
https://webshopb2b.bloomingville.com/Services/ProductService.asmx/Products?v=1.0&cId=11&langId=5&countryId=11&locId=16016&customerId=0&imgSizeId=0&pIds=5255149
https://webshopb2b.bloomingville.com/Services/ProductService.asmx/Products?v=1.0&cId=11&langId=5&countryId=11&locId=16016&customerId=0&imgSizeId=0&pIds=5255186
https://webshopb2b.bloomingville.com/Services/ProductService.asmx/Products?v=1.0&cId=11&langId=5&countryId=11&locId=16016&customerId=0&imgSizeId=0&pIds=4016285
https://webshopb2b.bloomingville.com/Services/ProductService.asmx/Products?v=1.0&cId=11&langId=5&countryId=11&locId=16016&customerId=0&imgSizeId=0&pIds=4016287
https://webshopb2b.bloomingville.com/Services/ProductService.asmx/Products?v=1.0&cId=11&langId=5&countryId=11&locId=16016&customerId=0&imgSizeId=0&pIds=4016338
https://webshopb2b.bloomingville.com/Services/ProductService.asmx/Products?v=1.0&cId=11&langId=5&countryId=11&locId=16016&customerId=0&imgSizeId=0&pIds=4016370
https://webshopb2b.bloomingville.com/Services/ProductService.asmx/Products?v=1.0&cId=11&langId=5&countryId=11&locId=16016&customerId=0&imgSizeId=0&pIds=4016372
https://webshopb2b.bloomingville.com/Services/ProductService.asmx/Products?v=1.0&cId=11&langId=5&countryId=11&locId=16016&customerId=0&imgSizeId=0&pIds=4016377
https://webshopb2b.bloomingville.com/Services/ProductService.asmx/Products?v=1.0&cId=11&langId=5&countryId=11&locId=16016&customerId=0&imgSizeId=0&pIds=2208931
https://webshopb2b.bloomingville.com/Services/ProductService.asmx/Products?v=1.0&cId=11&langId=5&countryId=11&locId=16016&customerId=0&imgSizeId=0&pIds=2209018
https://webshopb2b.bloomingville.com/Services/ProductService.asmx/Products?v=1.0&cId=11&langId=5&countryId=11&locId=16016&customerId=0&imgSizeId=0&pIds=2209023
https://webshopb2b.bloomingville.com/Services/ProductService.asmx/Products?v=1.0&cId=11&langId=5&countryId=11&locId=16016&customerId=0&imgSizeId=0&pIds=2658556
https://webshopb2b.bloomingville.com/Services/ProductService.asmx/Products?v=1.0&cId=11&langId=5&countryId=11&locId=16016&customerId=0&imgSizeId=0&pIds=2658557
https://webshopb2b.bloomingville.com/Services/ProductService.asmx/Products?v=1.0&cId=11&langId=5&countryId=11&locId=16016&customerId=0&imgSizeId=0&pIds=3628456
https://webshopb2b.bloomingville.com/Services/ProductService.asmx/Products?v=1.0&cId=11&langId=5&countryId=11&locId=16016&customerId=0&imgSizeId=0&pIds=3628458
https://webshopb2b.bloomingville.com/Services/ProductService.asmx/Products?v=1.0&cId=11&langId=5&countryId=11&locId=16016&customerId=0&imgSizeId=0&pIds=2658820
https://webshopb2b.bloomingville.com/Services/ProductService.asmx/Products?v=1.0&cId=11&langId=5&countryId=11&locId=16016&customerId=0&imgSizeId=0&pIds=2211147
https://webshopb2b.bloomingville.com/Services/ProductService.asmx/Products?v=1.0&cId=11&langId=5&countryId=11&locId=16016&customerId=0&imgSizeId=0&pIds=3628510
https://webshopb2b.bloomingville.com/Services/ProductService.asmx/Products?v=1.0&cId=11&langId=5&countryId=11&locId=16016&customerId=0&imgSizeId=0&pIds=2381671
https://webshopb2b.bloomingville.com/Services/ProductService.asmx/Products?v=1.0&cId=11&langId=5&countryId=11&locId=16016&customerId=0&imgSizeId=0&pIds=3628562
https://webshopb2b.bloomingville.com/Services/ProductService.asmx/Products?v=1.0&cId=11&langId=5&countryId=11&locId=16016&customerId=0&imgSizeId=0&pIds=3628563
https://webshopb2b.bloomingville.com/Services/ProductService.asmx/Products?v=1.0&cId=11&langId=5&countryId=11&locId=16016&customerId=0&imgSizeId=0&pIds=3628573
https://webshopb2b.bloomingville.com/Services/ProductService.asmx/Products?v=1.0&cId=11&langId=5&countryId=11&locId=16016&customerId=0&imgSizeId=0&pIds=2212330
https://webshopb2b.bloomingville.com/Services/ProductService.asmx/Products?v=1.0&cId=11&langId=5&countryId=11&locId=16016&customerId=0&imgSizeId=0&pIds=2212343
https://webshopb2b.bloomingville.com/Services/ProductService.asmx/Products?v=1.0&cId=11&langId=5&countryId=11&locId=16016&customerId=0&imgSizeId=0&pIds=2369069
https://webshopb2b.bloomingville.com/Services/ProductService.asmx/Products?v=1.0&cId=11&langId=5&countryId=11&locId=16016&customerId=0&imgSizeId=0&pIds=2659058
https://webshopb2b.bloomingville.com/Services/ProductService.asmx/Products?v=1.0&cId=11&langId=5&countryId=11&locId=16016&customerId=0&imgSizeId=0&pIds=6967105
https://webshopb2b.bloomingville.com/Services/ProductService.asmx/Products?v=1.0&cId=11&langId=5&countryId=11&locId=16016&customerId=0&imgSizeId=0&pIds=6967517
https://webshopb2b.bloomingville.com/Services/ProductService.asmx/Products?v=1.0&cId=11&langId=5&countryId=11&locId=16016&customerId=0&imgSizeId=0&pIds=6125645
https://webshopb2b.bloomingville.com/Services/ProductService.asmx/Products?v=1.0&cId=11&langId=5&countryId=11&locId=16016&customerId=0&imgSizeId=0&pIds=6125646
https://webshopb2b.bloomingville.com/Services/ProductService.asmx/Products?v=1.0&cId=11&langId=5&countryId=11&locId=16016&customerId=0&imgSizeId=0&pIds=6125652
https://webshopb2b.bloomingville.com/Services/ProductService.asmx/Products?v=1.0&cId=11&langId=5&countryId=11&locId=16016&customerId=0&imgSizeId=0&pIds=2211321
https://webshopb2b.bloomingville.com/Services/ProductService.asmx/Products?v=1.0&cId=11&langId=5&countryId=11&locId=16016&customerId=0&imgSizeId=0&pIds=6216593
https://webshopb2b.bloomingville.com/Services/ProductService.asmx/Products?v=1.0&cId=11&langId=5&countryId=11&locId=16016&customerId=0&imgSizeId=0&pIds=2211384
https://webshopb2b.bloomingville.com/Services/ProductService.asmx/Products?v=1.0&cId=11&langId=5&countryId=11&locId=16016&customerId=0&imgSizeId=0&pIds=2211387
https://webshopb2b.bloomingville.com/Services/ProductService.asmx/Products?v=1.0&cId=11&langId=5&countryId=11&locId=16016&customerId=0&imgSizeId=0&pIds=2658851
https://webshopb2b.bloomingville.com/Services/ProductService.asmx/Products?v=1.0&cId=11&langId=5&countryId=11&locId=16016&customerId=0&imgSizeId=0&pIds=2658860
https://webshopb2b.bloomingville.com/Services/ProductService.asmx/Products?v=1.0&cId=11&langId=5&countryId=11&locId=16016&customerId=0&imgSizeId=0&pIds=2658861

https://webshopb2b.bloomingville.com/Services/ProductService.asmx/Products?v=1.0&cId=11&langId=5&countryId=11&locId=16016&customerId=0&imgSizeId=0&pIds=6284317
https://webshopb2b.bloomingville.com/Services/ProductService.asmx/Products?v=1.0&cId=11&langId=5&countryId=11&locId=16016&customerId=0&imgSizeId=0&pIds=6284427


https://webshopb2b.bloomingville.com/Services/ProductService.asmx/Products?v=1.0&cId=11&langId=5&countryId=11&locId=16016&customerId=0&imgSizeId=0&pIds=2212557